,0,1,2,3,4,5,6,7,8,9,10,11
0,0.07692307692307696,0.07692307692307696,0.15384615384615394,0.07692307692307696,0.07692307692307696,0.07692307692307696,0.07692307692307696,0.07692307692307696,0.07692307692307696,0.07692307692307696,0.07692307692307696,0.07692307692307696
1,0.08695652173913045,0.043478260869565216,0.08695652173913045,0.043478260869565216,0.1739130434782609,0.08695652173913045,0.08695652173913045,0.08695652173913045,0.043478260869565216,0.08695652173913045,0.08695652173913045,0.08695652173913045
2,0.03174603174603167,0.03174603174603167,0.5079365079365069,0.015873015873015803,0.03174603174603167,0.063492063492063,0.03174603174603167,0.063492063492063,0.03174603174603144,0.06349206349206346,0.063492063492063,0.06349206349206346
3,0.07692307692307696,0.07692307692307696,0.07692307692307696,0.07692307692307696,0.15384615384615394,0.07692307692307696,0.07692307692307696,0.07692307692307696,0.07692307692307696,0.07692307692307696,0.07692307692307696,0.07692307692307696
4,0.0909090909090909,0.0909090909090909,0.045454545454545525,0.045454545454545525,0.0909090909090909,0.0909090909090909,0.0909090909090909,0.1818181818181815,0.045454545454545525,0.045454545454545525,0.0909090909090909,0.0909090909090909
5,0.04761904761904764,0.09523809523809529,0.04761904761904764,0.09523809523809529,0.04761904761904764,0.09523809523809529,0.04761904761904764,0.09523809523809529,0.04761904761904764,0.1904761904761906,0.09523809523809529,0.09523809523809529
6,0.05882352941176465,0.029411764705882373,0.05882352941176465,0.05882352941176465,0.11764705882352952,0.11764705882352952,0.11764705882352952,0.05882352941176465,0.029411764705882373,0.11764705882352952,0.11764705882352952,0.11764705882352952
7,0.005813953488372074,0.01162790697674417,0.1860465116279081,0.0058139534883721155,0.023255813953488382,0.18604651162790678,0.0058139534883721155,0.18604651162790678,0.002906976744186052,0.002906976744186052,0.3720930232558143,0.01162790697674417
8,0.08333333333333333,0.08333333333333333,0.08333333333333333,0.08333333333333333,0.08333333333333333,0.08333333333333333,0.08333333333333333,0.08333333333333333,0.08333333333333333,0.08333333333333333,0.08333333333333333,0.08333333333333333
9,0.0909090909090909,0.0909090909090909,0.045454545454545366,0.045454545454545366,0.1818181818181815,0.0909090909090909,0.0909090909090909,0.0909090909090909,0.0909090909090909,0.045454545454545366,0.0909090909090909,0.045454545454545366
10,0.06451612903225801,0.03225806451612906,0.1290322580645158,0.03225806451612906,0.1290322580645158,0.1290322580645158,0.06451612903225801,0.1290322580645158,0.03225806451612906,0.06451612903225801,0.1290322580645158,0.06451612903225801
11,0.028571428571428435,0.05714285714285698,0.05714285714285698,0.22857142857142876,0.05714285714285698,0.05714285714285698,0.11428571428571417,0.05714285714285698,0.05714285714285698,0.11428571428571417,0.11428571428571417,0.05714285714285698
13,0.23529411764705904,0.11764705882352931,0.01470588235294108,0.058823529411764545,0.058823529411764545,0.058823529411764545,0.058823529411764545,0.23529411764705904,0.058823529411764545,0.029411764705882217,0.01470588235294108,0.058823529411764545
14,0.08333333333333322,0.04166666666666653,0.16666666666666674,0.08333333333333322,0.04166666666666653,0.04166666666666653,0.04166666666666653,0.16666666666666674,0.08333333333333322,0.04166666666666653,0.16666666666666674,0.04166666666666653
15,0.0312500000000001,0.06250000000000008,0.06250000000000008,0.06250000000000008,0.06250000000000008,0.12499999999999997,0.12499999999999997,0.0312500000000001,0.06250000000000008,0.12499999999999997,0.12499999999999997,0.12499999999999997
16,0.020202020202020297,0.04040404040404067,0.04040404040404067,0.08080808080808091,0.04040404040404038,0.08080808080808091,0.08080808080808091,0.04040404040404067,0.01010101010101013,0.16161616161616213,0.08080808080808091,0.32323232323232254
17,0.2857004289146537,0.2857004289146537,1.0898606449686445e-06,8.718885159749205e-06,5.449303224843213e-07,0.03571255361433152,0.07142510722866316,0.2857004289146537,3.487554063899695e-05,2.1797212899372933e-06,0.03571255361433152,1.0898606449686445e-06
18,0.043478260869565376,0.0869565217391306,0.043478260869565376,0.0869565217391303,0.043478260869565216,0.0869565217391303,0.043478260869565216,0.0869565217391306,0.043478260869565376,0.0869565217391303,0.1739130434782609,0.1739130434782609
19,0.07272727272727265,0.03636363636363639,0.07272727272727265,0.2909090909090917,0.07272727272727265,0.07272727272727265,0.07272727272727265,0.07272727272727265,0.018181818181818226,0.07272727272727265,0.07272727272727265,0.07272727272727265
20,0.3636363636363643,0.04545454545454544,0.04545454545454544,0.04545454545454544,0.04545454545454544,0.04545454545454544,0.04545454545454544,0.18181818181818246,0.04545454545454544,0.04545454545454544,0.04545454545454544,0.04545454545454544
21,0.06666666666666664,0.06666666666666664,0.06666666666666664,0.13333333333333353,0.06666666666666664,0.06666666666666664,0.06666666666666664,0.06666666666666664,0.13333333333333353,0.13333333333333353,0.06666666666666664,0.06666666666666664
22,0.17204301075268819,0.17204301075268819,0.04301075268817188,0.04301075268817188,0.04301075268817188,0.04301075268817188,0.04301075268817188,0.17204301075268819,0.010752688172043006,0.04301075268817188,0.04301075268817188,0.17204301075268819
23,0.07692307692307696,0.07692307692307696,0.07692307692307696,0.15384615384615394,0.07692307692307696,0.07692307692307696,0.07692307692307696,0.07692307692307696,0.07692307692307696,0.07692307692307696,0.07692307692307696,0.07692307692307696
24,0.08333333333333333,0.08333333333333333,0.08333333333333333,0.08333333333333333,0.08333333333333333,0.08333333333333333,0.08333333333333333,0.08333333333333333,0.08333333333333333,0.08333333333333333,0.08333333333333333,0.08333333333333333
25,0.06666666666666664,0.06666666666666664,0.2666666666666666,0.033333333333333375,0.06666666666666664,0.06666666666666664,0.06666666666666664,0.06666666666666664,0.033333333333333375,0.13333333333333305,0.06666666666666664,0.06666666666666664
26,0.055555555555555615,0.055555555555555615,0.11111111111111104,0.2222222222222225,0.055555555555555615,0.055555555555555615,0.11111111111111104,0.055555555555555615,0.055555555555555615,0.055555555555555615,0.11111111111111104,0.055555555555555615
27,0.0588235294117647,0.11764705882352941,0.0588235294117647,0.0588235294117647,0.0588235294117647,0.11764705882352941,0.11764705882352941,0.0588235294117647,0.11764705882352941,0.11764705882352941,0.0588235294117647,0.0588235294117647
28,0.33817701453104454,0.04227212681638033,0.0026420079260237885,0.021136063408190426,0.021136063408190426,0.021136063408190426,0.021136063408190426,0.33817701453104454,0.021136063408190426,0.16908850726552196,0.0013210039630118919,0.0026420079260237885
29,0.07999999999999999,0.07999999999999999,0.07999999999999999,0.07999999999999999,0.04000000000000006,0.07999999999999999,0.04000000000000006,0.07999999999999999,0.04000000000000006,0.07999999999999999,0.16000000000000028,0.16000000000000028
30,0.04545454545454544,0.04545454545454544,0.18181818181818116,0.04545454545454544,0.18181818181818246,0.04545454545454544,0.04545454545454544,0.04545454545454544,0.04545454545454544,0.04545454545454544,0.09090909090909106,0.18181818181818116
31,0.058823529411764754,0.058823529411764754,0.11764705882352931,0.058823529411764754,0.058823529411764754,0.058823529411764754,0.058823529411764754,0.058823529411764754,0.058823529411764754,0.11764705882352931,0.058823529411764754,0.2352941176470582
33,0.06250000000000008,0.12499999999999997,0.06250000000000008,0.12499999999999997,0.06250000000000008,0.06250000000000008,0.12499999999999997,0.06250000000000008,0.12499999999999997,0.06250000000000008,0.06250000000000008,0.06250000000000008
35,0.09090909090909073,0.09090909090909073,0.09090909090909106,0.09090909090909106,0.04545454545454544,0.09090909090909073,0.09090909090909073,0.09090909090909073,0.04545454545454544,0.04545454545454544,0.18181818181818182,0.04545454545454544
36,0.054054054054053995,0.054054054054053995,0.054054054054053995,0.10810810810810818,0.10810810810810818,0.10810810810810818,0.10810810810810818,0.054054054054053995,0.027027027027027042,0.10810810810810818,0.10810810810810818,0.10810810810810818
37,0.26666666666666755,0.03333333333333373,0.13333333333333353,0.03333333333333373,0.03333333333333373,0.06666666666666758,0.03333333333333373,0.06666666666666758,0.06666666666666664,0.06666666666666664,0.13333333333333353,0.06666666666666664
39,0.019607843137254895,0.07843137254901987,0.31372549019608065,0.07843137254901987,0.019607843137254895,0.03921568627450986,0.019607843137254895,0.03921568627450986,0.07843137254901876,0.15686274509804002,0.07843137254901987,0.07843137254901987
40,0.030303030303030318,0.060606060606060747,0.060606060606060316,0.24242424242424215,0.01515151515151513,0.060606060606060747,0.060606060606060747,0.24242424242424215,0.01515151515151513,0.030303030303030318,0.12121212121212085,0.060606060606060316
41,0.1250000000000002,0.1250000000000002,0.06249999999999998,0.06249999999999998,0.06249999999999998,0.06249999999999998,0.06249999999999998,0.1250000000000002,0.06249999999999998,0.06249999999999998,0.06249999999999998,0.1250000000000002
43,0.22535211267605662,0.05633802816901394,0.05633802816901434,0.05633802816901394,0.05633802816901434,0.05633802816901394,0.11267605633802809,0.11267605633802809,0.11267605633802809,0.014084507042253534,0.11267605633802809,0.02816901408450712
44,0.04761904761904764,0.04761904761904764,0.38095238095238054,0.04761904761904764,0.04761904761904764,0.04761904761904764,0.04761904761904764,0.04761904761904764,0.04761904761904798,0.04761904761904764,0.09523809523809545,0.09523809523809545
45,0.04878048780487809,0.09756097560975602,0.09756097560975602,0.04878048780487809,0.09756097560975602,0.09756097560975602,0.09756097560975602,0.04878048780487809,0.024390243902439084,0.04878048780487809,0.09756097560975602,0.1951219512195124
46,0.09523809523809525,0.047619047619047616,0.09523809523809525,0.047619047619047616,0.09523809523809525,0.09523809523809525,0.09523809523809525,0.09523809523809525,0.047619047619047616,0.09523809523809525,0.09523809523809525,0.09523809523809525
47,0.052631578947368335,0.10526315789473688,0.052631578947368335,0.052631578947368335,0.10526315789473688,0.10526315789473688,0.10526315789473688,0.10526315789473688,0.052631578947368335,0.052631578947368335,0.10526315789473688,0.10526315789473688
48,0.08333333333333337,0.08333333333333337,0.08333333333333337,0.08333333333333337,0.08333333333333337,0.08333333333333337,0.08333333333333337,0.08333333333333337,0.08333333333333337,0.08333333333333337,0.08333333333333337,0.08333333333333337
50,0.03846153846153841,0.07692307692307696,0.07692307692307696,0.07692307692307696,0.1538461538461553,0.07692307692307696,0.07692307692307696,0.03846153846153841,0.07692307692307696,0.07692307692307696,0.07692307692307696,0.1538461538461542
51,0.07407407407407421,0.07407407407407421,0.037037037037037035,0.07407407407407421,0.14814814814814817,0.07407407407407421,0.14814814814814817,0.07407407407407421,0.14814814814814817,0.07407407407407421,0.037037037037037035,0.037037037037037035
52,0.07692307692307696,0.07692307692307696,0.07692307692307696,0.07692307692307696,0.15384615384615394,0.07692307692307696,0.07692307692307696,0.07692307692307696,0.07692307692307696,0.07692307692307696,0.07692307692307696,0.07692307692307696
53,0.11764705882352931,0.058823529411764754,0.11764705882352973,0.058823529411764754,0.058823529411764754,0.11764705882352973,0.058823529411764754,0.11764705882352973,0.058823529411764754,0.058823529411764754,0.11764705882352973,0.058823529411764754
54,0.058823529411764754,0.058823529411764754,0.11764705882352931,0.11764705882352931,0.058823529411764754,0.058823529411764754,0.058823529411764754,0.058823529411764754,0.058823529411764754,0.11764705882352973,0.11764705882352931,0.11764705882352973
55,0.019607843137254895,0.3137254901960784,0.019607843137254895,0.019607843137254895,0.019607843137254895,0.07843137254901932,0.07843137254901932,0.019607843137254895,0.3137254901960784,0.07843137254901932,0.019607843137254895,0.019607843137254895
56,0.04166666666666653,0.04166666666666653,0.04166666666666712,0.04166666666666653,0.16666666666666674,0.08333333333333322,0.08333333333333322,0.04166666666666653,0.16666666666666674,0.04166666666666653,0.16666666666666913,0.08333333333333322
57,0.08333333333333333,0.08333333333333333,0.08333333333333333,0.08333333333333333,0.08333333333333333,0.08333333333333333,0.08333333333333333,0.08333333333333333,0.08333333333333333,0.08333333333333333,0.08333333333333333,0.08333333333333333
58,0.06666666666666664,0.06666666666666664,0.06666666666666664,0.06666666666666664,0.06666666666666664,0.06666666666666664,0.06666666666666664,0.06666666666666664,0.06666666666666664,0.06666666666666664,0.06666666666666664,0.2666666666666666
59,0.1592039800995017,0.318407960199004,0.0012437810945273586,0.004975124378109453,0.002487562189054722,0.009950248756218924,0.019900497512437887,0.07960199004975071,0.07960199004975184,0.0012437810945273586,0.004975124378109453,0.318407960199004
60,0.08333333333333333,0.08333333333333333,0.08333333333333333,0.08333333333333333,0.08333333333333333,0.08333333333333333,0.08333333333333333,0.08333333333333333,0.08333333333333333,0.08333333333333333,0.08333333333333333,0.08333333333333333
61,0.06666666666666664,0.06666666666666664,0.06666666666666664,0.06666666666666664,0.06666666666666664,0.06666666666666664,0.06666666666666664,0.06666666666666664,0.06666666666666664,0.06666666666666664,0.06666666666666664,0.26666666666666566
62,0.08695652173913045,0.043478260869565216,0.08695652173913045,0.043478260869565216,0.1739130434782609,0.08695652173913045,0.08695652173913045,0.08695652173913045,0.043478260869565216,0.08695652173913045,0.08695652173913045,0.08695652173913045
64,0.11111111111111124,0.05555555555555552,0.05555555555555552,0.05555555555555552,0.11111111111111124,0.11111111111111124,0.11111111111111124,0.11111111111111124,0.05555555555555552,0.11111111111111124,0.05555555555555552,0.05555555555555552
65,0.1538461538461531,0.03846153846153841,0.307692307692309,0.03846153846153841,0.03846153846153841,0.03846153846153841,0.07692307692307696,0.1538461538461531,0.03846153846153841,0.03846153846153841,0.03846153846153841,0.03846153846153841
67,0.06666666666666664,0.06666666666666664,0.13333333333333328,0.06666666666666664,0.06666666666666664,0.06666666666666664,0.06666666666666664,0.06666666666666664,0.06666666666666664,0.06666666666666664,0.13333333333333328,0.13333333333333328
68,0.1904761904761899,0.04761904761904764,0.023809523809523777,0.04761904761904764,0.09523809523809477,0.09523809523809545,0.023809523809523777,0.1904761904761899,0.09523809523809477,0.09523809523809545,0.04761904761904764,0.04761904761904764
69,0.07142857142857141,0.07142857142857141,0.07142857142857141,0.14285714285714285,0.07142857142857141,0.07142857142857141,0.07142857142857141,0.14285714285714285,0.07142857142857141,0.07142857142857141,0.07142857142857141,0.07142857142857141
70,0.003910068426197437,0.5004887585532785,0.0019550342130987145,0.03128054740957967,0.0009775171065493555,0.12512218963831914,0.25024437927663873,0.007820136852394887,0.003910068426197437,0.06256109481915945,0.007820136852394887,0.003910068426197437
71,0.05555555555555571,0.05555555555555571,0.11111111111111124,0.2222222222222221,0.11111111111111124,0.05555555555555571,0.05555555555555571,0.05555555555555571,0.05555555555555571,0.05555555555555571,0.11111111111111124,0.05555555555555571
72,0.08333333333333322,0.08333333333333322,0.08333333333333322,0.08333333333333322,0.08333333333333322,0.08333333333333322,0.08333333333333322,0.08333333333333322,0.08333333333333322,0.08333333333333322,0.08333333333333322,0.08333333333333322
74,0.04761904761904764,0.04761904761904764,0.04761904761904764,0.09523809523809512,0.09523809523809512,0.09523809523809512,0.1904761904761906,0.04761904761904764,0.04761904761904764,0.09523809523809512,0.09523809523809512,0.09523809523809512
75,0.08333333333333333,0.08333333333333333,0.08333333333333333,0.08333333333333333,0.08333333333333333,0.08333333333333333,0.08333333333333333,0.08333333333333333,0.08333333333333333,0.08333333333333333,0.08333333333333333,0.08333333333333333
76,0.12213740458015297,0.03053435114503813,0.007633587786259558,0.007633587786259558,0.01526717557251909,0.4885496183206103,0.03053435114503813,0.007633587786259558,0.24427480916030553,0.01526717557251909,0.01526717557251909,0.01526717557251909
77,0.0999999999999999,0.0999999999999999,0.05000000000000003,0.05000000000000003,0.05000000000000003,0.0999999999999999,0.0999999999999999,0.0999999999999999,0.05000000000000003,0.0999999999999999,0.0999999999999999,0.0999999999999999
78,0.1025641025641025,0.4102564102564101,0.051282051282051155,0.025641025641025623,0.025641025641025623,0.025641025641025623,0.025641025641025623,0.1025641025641025,0.051282051282051336,0.051282051282051155,0.025641025641025623,0.1025641025641025
79,0.06451612903225824,0.03225806451612906,0.12903225806451626,0.03225806451612906,0.06451612903225824,0.12903225806451626,0.06451612903225824,0.12903225806451626,0.03225806451612906,0.06451612903225824,0.12903225806451626,0.12903225806451626
80,0.006622516556291409,0.052980132450330814,0.013245033112582748,0.10596026490066182,0.013245033112582748,0.052980132450330814,0.013245033112582748,0.052980132450330814,0.4238410596026519,0.21192052980132403,0.026490066225165358,0.026490066225165358
81,0.07142857142857141,0.07142857142857141,0.07142857142857141,0.07142857142857141,0.14285714285714257,0.07142857142857141,0.07142857142857141,0.07142857142857141,0.14285714285714257,0.07142857142857141,0.07142857142857141,0.07142857142857141
82,0.06666666666666664,0.06666666666666664,0.06666666666666664,0.06666666666666664,0.06666666666666664,0.06666666666666664,0.13333333333333305,0.13333333333333305,0.06666666666666664,0.06666666666666664,0.06666666666666664,0.13333333333333305
83,0.025000000000000057,0.20000000000000015,0.025000000000000057,0.05000000000000003,0.20000000000000015,0.0999999999999999,0.05000000000000003,0.05000000000000003,0.050000000000000204,0.05000000000000003,0.0999999999999999,0.0999999999999999
84,0.08695652173913045,0.08695652173913045,0.08695652173913045,0.08695652173913045,0.08695652173913045,0.08695652173913045,0.08695652173913045,0.08695652173913045,0.04347826086956514,0.08695652173913045,0.08695652173913045,0.08695652173913045
85,0.05263157894736841,0.10526315789473682,0.05263157894736841,0.10526315789473682,0.05263157894736841,0.10526315789473682,0.05263157894736841,0.10526315789473682,0.05263157894736841,0.10526315789473682,0.10526315789473682,0.10526315789473682
86,0.24242424242424215,0.030303030303030318,0.030303030303030318,0.060606060606060316,0.24242424242424215,0.060606060606060316,0.060606060606060316,0.030303030303030318,0.060606060606060747,0.060606060606060316,0.060606060606060316,0.060606060606060316
87,0.03846153846153841,0.3076923076923079,0.03846153846153841,0.03846153846153841,0.03846153846153841,0.03846153846153841,0.03846153846153841,0.03846153846153841,0.3076923076923079,0.03846153846153841,0.03846153846153841,0.03846153846153841
88,0.07142857142857141,0.14285714285714285,0.07142857142857141,0.07142857142857141,0.07142857142857141,0.07142857142857141,0.07142857142857141,0.07142857142857141,0.14285714285714285,0.07142857142857141,0.07142857142857141,0.07142857142857141
89,0.08333333333333337,0.08333333333333337,0.08333333333333337,0.08333333333333337,0.08333333333333337,0.08333333333333337,0.08333333333333337,0.08333333333333337,0.08333333333333337,0.08333333333333337,0.08333333333333337,0.08333333333333337
90,0.07999999999999999,0.04000000000000006,0.1599999999999997,0.04000000000000006,0.07999999999999999,0.07999999999999999,0.07999999999999999,0.1599999999999997,0.04000000000000006,0.07999999999999999,0.07999999999999999,0.07999999999999999
91,0.06666666666666664,0.06666666666666664,0.13333333333333328,0.13333333333333328,0.06666666666666664,0.06666666666666664,0.13333333333333328,0.06666666666666664,0.06666666666666664,0.06666666666666664,0.06666666666666664,0.06666666666666664
92,0.05000000000000003,0.05000000000000003,0.10000000000000024,0.10000000000000024,0.10000000000000024,0.10000000000000024,0.10000000000000024,0.10000000000000024,0.10000000000000024,0.05000000000000003,0.10000000000000024,0.05000000000000003
93,0.04761904761904764,0.04761904761904764,0.1904761904761906,0.09523809523809512,0.04761904761904764,0.09523809523809545,0.04761904761904764,0.09523809523809545,0.04761904761904764,0.04761904761904764,0.1904761904761906,0.04761904761904764
94,0.05555555555555554,0.11111111111111109,0.05555555555555554,0.05555555555555554,0.11111111111111109,0.11111111111111109,0.11111111111111109,0.05555555555555554,0.05555555555555554,0.05555555555555554,0.11111111111111109,0.11111111111111109
96,0.01379310344827594,0.01379310344827594,0.006896551724137957,0.8827586206896575,0.01379310344827594,0.006896551724137957,0.01379310344827594,0.01379310344827594,0.006896551724137957,0.006896551724137957,0.006896551724137957,0.01379310344827594
97,0.05882352941176465,0.11764705882352952,0.05882352941176465,0.05882352941176465,0.05882352941176465,0.11764705882352952,0.11764705882352952,0.05882352941176465,0.11764705882352952,0.11764705882352952,0.05882352941176465,0.05882352941176465
99,0.13333333333333353,0.06666666666666664,0.06666666666666664,0.06666666666666664,0.06666666666666664,0.06666666666666664,0.06666666666666664,0.13333333333333353,0.06666666666666664,0.06666666666666664,0.06666666666666664,0.13333333333333353
100,0.06249999999999998,0.06249999999999998,0.12499999999999997,0.06249999999999998,0.06249999999999998,0.12499999999999997,0.06249999999999998,0.12499999999999997,0.06249999999999998,0.06249999999999998,0.12499999999999997,0.06249999999999998
101,0.06249999999999998,0.06249999999999998,0.06249999999999998,0.06249999999999998,0.24999999999999994,0.06249999999999998,0.06249999999999998,0.06249999999999998,0.06249999999999998,0.06249999999999998,0.06249999999999998,0.12499999999999975
102,0.08333333333333381,0.04166666666666683,0.08333333333333381,0.08333333333333322,0.08333333333333322,0.08333333333333322,0.08333333333333322,0.04166666666666683,0.08333333333333381,0.08333333333333322,0.16666666666666674,0.08333333333333322
103,0.06666666666666664,0.13333333333333328,0.13333333333333328,0.06666666666666664,0.06666666666666664,0.06666666666666664,0.06666666666666664,0.06666666666666664,0.06666666666666664,0.13333333333333328,0.06666666666666664,0.06666666666666664
104,0.05263157894736843,0.05263157894736843,0.05263157894736843,0.10526315789473688,0.10526315789473688,0.10526315789473688,0.10526315789473688,0.05263157894736843,0.05263157894736843,0.10526315789473688,0.10526315789473688,0.10526315789473688
105,0.062499999999999535,0.062499999999999535,0.1249999999999993,0.24999999999999906,0.03124999999999971,0.03124999999999971,0.062499999999999535,0.062499999999999535,0.03124999999999971,0.03124999999999971,0.1249999999999993,0.1249999999999993
106,0.1250000000000002,0.1250000000000002,0.06249999999999998,0.06249999999999998,0.06249999999999998,0.06249999999999998,0.06249999999999998,0.1250000000000002,0.06249999999999998,0.06249999999999998,0.06249999999999998,0.1250000000000002
107,0.10526315789473688,0.052631578947368335,0.10526315789473688,0.052631578947368335,0.052631578947368335,0.10526315789473688,0.052631578947368335,0.10526315789473688,0.052631578947368335,0.10526315789473688,0.10526315789473688,0.10526315789473688
109,0.11111111111111124,0.11111111111111124,0.05555555555555552,0.05555555555555552,0.05555555555555552,0.11111111111111124,0.11111111111111124,0.11111111111111124,0.05555555555555552,0.05555555555555552,0.11111111111111124,0.05555555555555552
111,0.16666666666666674,0.16666666666666674,0.020833333333333374,0.020833333333333374,0.020833333333333374,0.020833333333333374,0.020833333333333374,0.16666666666666674,0.020833333333333374,0.020833333333333374,0.020833333333333374,0.3333333333333341
112,0.06666666666666664,0.06666666666666664,0.06666666666666664,0.06666666666666664,0.13333333333333328,0.06666666666666664,0.13333333333333328,0.06666666666666664,0.13333333333333328,0.06666666666666664,0.06666666666666664,0.06666666666666664
114,0.08333333333333337,0.08333333333333337,0.08333333333333337,0.08333333333333337,0.08333333333333337,0.08333333333333337,0.08333333333333337,0.08333333333333337,0.08333333333333337,0.08333333333333337,0.08333333333333337,0.08333333333333337
115,0.06666666666666664,0.06666666666666664,0.06666666666666664,0.06666666666666664,0.06666666666666664,0.06666666666666664,0.06666666666666664,0.06666666666666664,0.2666666666666666,0.06666666666666664,0.06666666666666664,0.06666666666666664
116,0.08333333333333333,0.08333333333333333,0.08333333333333333,0.08333333333333333,0.08333333333333333,0.08333333333333333,0.08333333333333333,0.08333333333333333,0.08333333333333333,0.08333333333333333,0.08333333333333333,0.08333333333333333
117,0.11764705882352952,0.11764705882352952,0.058823529411764754,0.058823529411764754,0.058823529411764754,0.058823529411764754,0.058823529411764754,0.11764705882352952,0.058823529411764754,0.11764705882352952,0.058823529411764754,0.11764705882352952
118,0.05797101449275377,0.11594202898550734,0.05797101449275377,0.05797101449275377,0.11594202898550734,0.11594202898550734,0.11594202898550734,0.05797101449275377,0.014492753623188389,0.05797101449275377,0.11594202898550734,0.11594202898550734
120,0.01843317972350242,0.14746543778802018,0.01843317972350216,0.2949308755760367,0.01843317972350242,0.03686635944700491,0.03686635944700491,0.07373271889400995,0.03686635944700438,0.2949308755760367,0.01843317972350216,0.004608294930875587
121,0.03636363636363626,0.03636363636363626,0.07272727272727265,0.14545454545454456,0.07272727272727265,0.07272727272727265,0.07272727272727265,0.03636363636363626,0.018181818181818098,0.1454545454545456,0.14545454545454456,0.1454545454545456
122,0.04761904761904747,0.04761904761904747,0.04761904761904747,0.09523809523809512,0.1904761904761906,0.09523809523809512,0.09523809523809512,0.04761904761904747,0.04761904761904747,0.09523809523809512,0.09523809523809512,0.09523809523809512
123,0.06666666666666675,0.13333333333333328,0.06666666666666675,0.13333333333333328,0.06666666666666675,0.06666666666666675,0.13333333333333328,0.06666666666666675,0.06666666666666675,0.13333333333333328,0.03333333333333332,0.03333333333333332
124,0.07142857142857141,0.14285714285714285,0.07142857142857141,0.07142857142857141,0.07142857142857141,0.07142857142857141,0.07142857142857141,0.07142857142857141,0.14285714285714285,0.07142857142857141,0.07142857142857141,0.07142857142857141
125,0.05263157894736843,0.05263157894736843,0.05263157894736843,0.10526315789473688,0.10526315789473688,0.10526315789473688,0.10526315789473688,0.05263157894736843,0.05263157894736843,0.10526315789473688,0.10526315789473688,0.10526315789473688
127,0.16666666666666674,0.08333333333333322,0.16666666666666674,0.04166666666666653,0.16666666666666674,0.04166666666666653,0.04166666666666653,0.04166666666666653,0.04166666666666653,0.08333333333333322,0.04166666666666653,0.08333333333333322
129,0.02272727272727268,0.09090909090909073,0.09090909090909073,0.09090909090909073,0.02272727272727268,0.09090909090909073,0.02272727272727268,0.09090909090909073,0.02272727272727268,0.09090909090909073,0.18181818181818182,0.18181818181818182
130,0.09523809523809525,0.047619047619047616,0.09523809523809525,0.047619047619047616,0.09523809523809525,0.09523809523809525,0.09523809523809525,0.09523809523809525,0.047619047619047616,0.09523809523809525,0.09523809523809525,0.09523809523809525
131,0.07692307692307696,0.07692307692307696,0.07692307692307696,0.07692307692307696,0.07692307692307696,0.07692307692307696,0.07692307692307696,0.07692307692307696,0.15384615384615394,0.07692307692307696,0.07692307692307696,0.07692307692307696
132,0.08695652173913045,0.08695652173913045,0.08695652173913045,0.08695652173913045,0.08695652173913045,0.08695652173913045,0.08695652173913045,0.08695652173913045,0.043478260869565216,0.08695652173913045,0.08695652173913045,0.08695652173913045
133,0.010526315789473639,0.021052631578947167,0.16842105263157828,0.33684210526315717,0.010526315789473639,0.021052631578947167,0.010526315789473639,0.021052631578947167,0.021052631578947316,0.021052631578947167,0.33684210526315717,0.021052631578947167
134,0.07407407407407421,0.07407407407407421,0.14814814814814817,0.07407407407407421,0.07407407407407421,0.07407407407407421,0.07407407407407421,0.07407407407407421,0.03703703703703717,0.07407407407407421,0.07407407407407421,0.14814814814814817
136,0.09090909090909073,0.09090909090909073,0.04545454545454544,0.09090909090909073,0.09090909090909073,0.09090909090909073,0.04545454545454544,0.09090909090909073,0.09090909090909073,0.09090909090909073,0.09090909090909073,0.09090909090909073
137,0.07142857142857141,0.07142857142857141,0.14285714285714285,0.07142857142857141,0.14285714285714285,0.07142857142857141,0.07142857142857141,0.07142857142857141,0.07142857142857141,0.07142857142857141,0.07142857142857141,0.07142857142857141
139,0.06666666666666664,0.06666666666666664,0.13333333333333305,0.13333333333333305,0.06666666666666664,0.06666666666666664,0.06666666666666664,0.06666666666666664,0.06666666666666664,0.06666666666666664,0.13333333333333305,0.06666666666666664
140,0.06666666666666664,0.06666666666666664,0.06666666666666664,0.06666666666666664,0.06666666666666664,0.06666666666666664,0.06666666666666664,0.06666666666666664,0.2666666666666666,0.06666666666666664,0.06666666666666664,0.06666666666666664
141,0.07692307692307696,0.07692307692307696,0.07692307692307696,0.07692307692307696,0.07692307692307696,0.07692307692307696,0.07692307692307696,0.07692307692307696,0.15384615384615394,0.07692307692307696,0.07692307692307696,0.07692307692307696
142,0.07692307692307696,0.07692307692307696,0.07692307692307696,0.07692307692307696,0.15384615384615394,0.07692307692307696,0.07692307692307696,0.07692307692307696,0.07692307692307696,0.07692307692307696,0.07692307692307696,0.07692307692307696
143,0.0869565217391303,0.043478260869565216,0.34782608695652123,0.043478260869565216,0.043478260869565216,0.043478260869565216,0.043478260869565216,0.0869565217391303,0.043478260869565216,0.043478260869565216,0.0869565217391306,0.0869565217391303
144,0.07142857142857141,0.07142857142857141,0.07142857142857141,0.14285714285714285,0.07142857142857141,0.07142857142857141,0.14285714285714285,0.07142857142857141,0.07142857142857141,0.07142857142857141,0.07142857142857141,0.07142857142857141
145,0.015873015873015917,0.12698412698412714,0.03174603174603167,0.06349206349206346,0.03174603174603189,0.12698412698412714,0.12698412698412714,0.03174603174603167,0.06349206349206346,0.12698412698412714,0.12698412698412714,0.12698412698412714
146,0.08333333333333337,0.08333333333333337,0.08333333333333337,0.08333333333333337,0.08333333333333337,0.08333333333333337,0.08333333333333337,0.08333333333333337,0.08333333333333337,0.08333333333333337,0.08333333333333337,0.08333333333333337
147,0.11940298507462725,0.1194029850746264,0.014925373134328323,0.05970149253731309,0.1194029850746264,0.1194029850746264,0.059701492537313515,0.05970149253731309,0.029850746268656702,0.05970149253731309,0.1194029850746264,0.1194029850746264
148,0.08333333333333333,0.08333333333333333,0.08333333333333333,0.08333333333333333,0.08333333333333333,0.08333333333333333,0.08333333333333333,0.08333333333333333,0.08333333333333333,0.08333333333333333,0.08333333333333333,0.08333333333333333
150,0.07407407407407407,0.07407407407407407,0.07407407407407407,0.07407407407407407,0.07407407407407407,0.07407407407407407,0.07407407407407407,0.07407407407407407,0.037037037037037035,0.14814814814814817,0.07407407407407407,0.14814814814814817
151,0.07142857142857141,0.03571428571428577,0.14285714285714257,0.07142857142857141,0.07142857142857141,0.07142857142857141,0.07142857142857141,0.07142857142857141,0.03571428571428577,0.07142857142857141,0.14285714285714257,0.14285714285714257
152,0.027777777777777804,0.05555555555555552,0.05555555555555571,0.11111111111111084,0.05555555555555552,0.11111111111111084,0.05555555555555552,0.05555555555555552,0.027777777777777804,0.11111111111111084,0.2222222222222221,0.11111111111111084
153,0.013513513513513471,0.054054054054054085,0.21621621621621717,0.027027027027026994,0.027027027027026994,0.027027027027026994,0.10810810810810838,0.027027027027026994,0.054054054054054085,0.013513513513513471,0.21621621621621717,0.2162162162162141
154,0.0625000000000002,0.12499999999999975,0.12499999999999975,0.0625000000000002,0.0625000000000002,0.0625000000000002,0.12499999999999975,0.0625000000000002,0.0625000000000002,0.12499999999999975,0.0625000000000002,0.0625000000000002
156,0.08333333333333333,0.08333333333333333,0.08333333333333333,0.08333333333333333,0.08333333333333333,0.08333333333333333,0.08333333333333333,0.08333333333333333,0.08333333333333333,0.08333333333333333,0.08333333333333333,0.08333333333333333
157,0.010928553514159597,0.010928553514159597,1.0672415541171434e-05,0.04371421405663793,0.005464276757079788,0.021857107028319236,0.17485685622655237,0.6994274249062121,0.021857107028319236,0.010928553514159597,2.134483108234291e-05,5.336207770585707e-06
158,0.06666666666666664,0.06666666666666664,0.06666666666666664,0.06666666666666664,0.2666666666666666,0.06666666666666664,0.06666666666666664,0.06666666666666664,0.06666666666666664,0.06666666666666664,0.06666666666666664,0.06666666666666664
159,0.06451612903225801,0.06451612903225801,0.06451612903225801,0.06451612903225801,0.06451612903225801,0.06451612903225801,0.06451612903225801,0.06451612903225801,0.03225806451612895,0.25806451612903303,0.06451612903225801,0.12903225806451535
160,0.02941176470588232,0.02941176470588232,0.11764705882352931,0.23529411764705904,0.058823529411764754,0.058823529411764754,0.058823529411764754,0.02941176470588232,0.02941176470588232,0.058823529411764754,0.23529411764705904,0.058823529411764754
161,0.03999999999999999,0.03999999999999999,0.08000000000000013,0.08000000000000013,0.08000000000000013,0.08000000000000013,0.08000000000000013,0.03999999999999999,0.08000000000000013,0.08000000000000013,0.15999999999999998,0.15999999999999998
162,0.05882352941176465,0.11764705882352952,0.05882352941176465,0.05882352941176465,0.05882352941176465,0.11764705882352952,0.11764705882352952,0.05882352941176465,0.11764705882352952,0.11764705882352952,0.05882352941176465,0.05882352941176465
163,0.052631578947368335,0.052631578947368335,0.10526315789473688,0.052631578947368335,0.10526315789473688,0.052631578947368335,0.10526315789473688,0.10526315789473688,0.052631578947368335,0.052631578947368335,0.052631578947368335,0.21052631578947265
166,0.05714285714285718,0.11428571428571417,0.05714285714285718,0.02857142857142864,0.05714285714285718,0.11428571428571417,0.11428571428571417,0.05714285714285718,0.02857142857142864,0.02857142857142864,0.22857142857142876,0.11428571428571457
167,0.09523809523809525,0.047619047619047616,0.09523809523809525,0.047619047619047616,0.09523809523809525,0.09523809523809525,0.09523809523809525,0.09523809523809525,0.047619047619047616,0.09523809523809525,0.09523809523809525,0.09523809523809525
168,0.05000000000000003,0.024999999999999967,0.10000000000000024,0.05000000000000003,0.39999999999999963,0.05000000000000003,0.05000000000000003,0.05000000000000003,0.024999999999999967,0.05000000000000003,0.10000000000000024,0.05000000000000003
169,0.09523809523809525,0.047619047619047616,0.09523809523809525,0.047619047619047616,0.09523809523809525,0.09523809523809525,0.09523809523809525,0.09523809523809525,0.047619047619047616,0.09523809523809525,0.09523809523809525,0.09523809523809525
170,0.05555555555555552,0.11111111111111124,0.11111111111111124,0.05555555555555552,0.2222222222222221,0.05555555555555552,0.05555555555555552,0.05555555555555552,0.05555555555555552,0.11111111111111124,0.05555555555555552,0.05555555555555552
172,0.05263157894736841,0.05263157894736841,0.05263157894736841,0.10526315789473682,0.10526315789473682,0.10526315789473682,0.10526315789473682,0.05263157894736841,0.05263157894736841,0.10526315789473682,0.10526315789473682,0.10526315789473682
173,0.07692307692307696,0.07692307692307696,0.15384615384615394,0.07692307692307696,0.07692307692307696,0.07692307692307696,0.07692307692307696,0.07692307692307696,0.07692307692307696,0.07692307692307696,0.07692307692307696,0.07692307692307696
175,0.1025641025641025,0.025641025641025623,0.1025641025641025,0.025641025641025623,0.1025641025641025,0.1025641025641025,0.1025641025641025,0.1025641025641025,0.025641025641025623,0.1025641025641025,0.1025641025641025,0.1025641025641025
176,0.06666666666666664,0.13333333333333328,0.13333333333333328,0.06666666666666664,0.06666666666666664,0.06666666666666664,0.06666666666666664,0.06666666666666664,0.06666666666666664,0.13333333333333328,0.06666666666666664,0.06666666666666664
177,0.08333333333333333,0.08333333333333333,0.08333333333333333,0.08333333333333333,0.08333333333333333,0.08333333333333333,0.08333333333333333,0.08333333333333333,0.08333333333333333,0.08333333333333333,0.08333333333333333,0.08333333333333333
178,0.06666666666666664,0.06666666666666664,0.13333333333333305,0.13333333333333353,0.06666666666666664,0.06666666666666664,0.06666666666666664,0.06666666666666664,0.06666666666666664,0.06666666666666664,0.06666666666666664,0.13333333333333305
179,0.15384615384615394,0.07692307692307696,0.07692307692307696,0.07692307692307696,0.07692307692307696,0.07692307692307696,0.07692307692307696,0.07692307692307696,0.07692307692307696,0.07692307692307696,0.07692307692307696,0.07692307692307696
180,0.060606060606060747,0.030303030303030318,0.060606060606060747,0.12121212121212172,0.060606060606060747,0.12121212121212172,0.060606060606060747,0.12121212121212172,0.060606060606060747,0.12121212121212172,0.12121212121212172,0.060606060606060747
181,0.03389830508474579,0.06779661016949146,0.03389830508474579,0.06779661016949146,0.13559322033898316,0.13559322033898316,0.13559322033898316,0.03389830508474579,0.016949152542372923,0.06779661016949146,0.13559322033898316,0.13559322033898316
182,0.06666666666666664,0.016666666666666833,0.13333333333333353,0.03333333333333326,0.26666666666666755,0.06666666666666664,0.06666666666666664,0.06666666666666664,0.016666666666666597,0.13333333333333353,0.06666666666666664,0.06666666666666664
183,0.16666666666666674,0.08333333333333322,0.08333333333333322,0.04166666666666653,0.16666666666666557,0.08333333333333322,0.08333333333333322,0.04166666666666653,0.04166666666666653,0.04166666666666653,0.08333333333333322,0.08333333333333322
184,5.1242633871381485e-05,0.0016397642838841995,0.0065590571355367295,0.0002049705354855267,0.10494491416858845,0.013118114271073483,0.006559057135536822,0.00010248526774276171,0.0008198821419420866,0.0002049705354855267,0.8395593133487004,0.026236228542147015
185,0.07692307692307696,0.07692307692307696,0.07692307692307696,0.07692307692307696,0.07692307692307696,0.07692307692307696,0.15384615384615366,0.07692307692307696,0.07692307692307696,0.07692307692307696,0.07692307692307696,0.07692307692307696
186,0.06666666666666664,0.13333333333333328,0.13333333333333328,0.06666666666666664,0.06666666666666664,0.06666666666666664,0.06666666666666664,0.06666666666666664,0.06666666666666664,0.13333333333333328,0.06666666666666664,0.06666666666666664
188,0.07692307692307696,0.07692307692307696,0.07692307692307696,0.07692307692307696,0.15384615384615394,0.07692307692307696,0.07692307692307696,0.07692307692307696,0.07692307692307696,0.07692307692307696,0.07692307692307696,0.07692307692307696
