,topic_0,topic_1,topic_2,topic_3,topic_4,index
0,0.00541791863902178,0.005287669211832777,0.00526324568058397,0.9786398313589731,0.005391335109588168,0
1,0.7692493456480373,0.0040182437587230795,0.004001907357054259,0.004118423344984278,0.21861207989120116,1
2,0.47373692666229295,0.0013300928226830297,0.0013248626923823073,0.43615936700322744,0.0874487508194143,2
3,0.8991419729741651,0.02537909688754606,0.02500010742797081,0.02519078034203447,0.02528804236828362,3
4,0.7100215770250263,0.004808616747948912,0.004446974000160714,0.004592026423480578,0.2761308058033835,4
5,0.006453819338264397,0.006292006568834449,0.006250486822395586,0.05200624523639496,0.9289974420341105,5
6,0.6961672075836226,0.0060260191888634644,0.005983259715889599,0.006074891906847355,0.28574862160477715,6
7,0.9946553926207604,0.0013310338650157896,0.0013293244050585629,0.0013402126743547757,0.0013440364348104488,7
8,0.9425803066729072,0.014292859988320314,0.014302529804341253,0.014440541187509981,0.014383762346921382,8
9,0.8922246710803217,0.0026849799849905823,0.002666915032200754,0.09968483957893055,0.0027385943235564893,9
10,0.48898426385676524,0.00342300227783937,0.0034212731512816867,0.5007256012248914,0.0034458594892222303,10
11,0.04304873925532004,0.0010097338536148998,0.000995075071829474,0.0010077608994467364,0.9539386909197889,11
12,0.2,0.2,0.2,0.2,0.2,12
13,0.28506369158386,0.3880301254146521,0.0005720944390405258,0.1910226830141531,0.13531140554829418,13
14,0.15387850920188886,0.21885184970802196,0.001641593796251977,0.6239603526679214,0.0016676946259159054,14
15,0.004314628973093755,0.004268272900700454,0.004256076818703042,0.004355268397494836,0.9828057529100078,15
16,0.5563812592597858,0.001894915913297854,0.0018868628361370927,0.0019147245920390008,0.4379222373987404,16
17,0.02246342154075275,0.00025997966578952353,0.00025713403836835207,0.8123969794141678,0.16462248534092166,17
18,0.4649721462175554,0.004490901978297386,0.004444612007306728,0.5214898462757005,0.004602493521139737,18
19,0.9903831881629552,0.0023949788032239586,0.0023810881004340274,0.0024150672149160484,0.0024256777184709886,19
20,0.01344723088171008,0.01333993805501333,0.013333391866205411,0.013617793861420558,0.9462616453356506,20
21,0.004675342062073674,0.004656128347803262,0.004652203871697986,0.9812149589318644,0.004801366786560761,21
22,0.8886740235833813,0.10407304296017726,0.0023816147808292136,0.0024427018064853328,0.002428616869126952,22
23,0.6733755842506809,0.01059507724714633,0.010532251435257895,0.29477966186502297,0.010717425201891834,23
24,0.8158990532995524,0.006260552896923145,0.006251813794202612,0.07275035902006503,0.09883822098925696,24
25,0.9869816885128098,0.00325223288556995,0.003226060771320934,0.0032603717577365954,0.0032796460725627832,25
26,0.01828139330023476,0.002415773080159205,0.002353849544881805,0.9745300347297413,0.0024189493449828735,26
27,0.022427732629224033,0.0222765927294406,0.02228824210802945,0.9106300314416229,0.0223774010916829,27
28,0.0015184077638648072,0.0014996381098807412,0.0014926443707104435,0.0015172261639061712,0.9939720835916379,28
29,0.0048268608699627465,0.004781676828843178,0.004762198583215251,0.5039258907706177,0.48170337294736104,29
30,0.3368679360711366,0.002959233296865014,0.002941306361964477,0.530492292309386,0.12673923196064785,30
31,0.002238438166694806,0.002210854689740923,0.0022002070615043715,0.4667546211038043,0.5265958789782555,31
32,0.013497507179185428,0.013387384147588546,0.01333417867375796,0.013628046261893033,0.946152883737575,32
33,0.0019344035054772984,0.001938347604841549,0.0019075229972812689,0.29576858936612865,0.6984511365262713,33
34,0.01552840866319108,0.015417170629573925,0.015385828605303006,0.01570960055950777,0.9379589915424242,34
35,0.00775554888236673,0.007812069552446387,0.007708102500130632,0.8651063689658097,0.1116179100992465,35
36,0.004278306624369736,0.004333493667018342,0.004224708823796937,0.39756814026009807,0.5895953506247169,36
37,0.0010655701899246655,0.048558659014855295,0.0010474657009300068,0.0010638785805550238,0.948264426513735,37
38,0.005762015593303101,0.005739457113453167,0.0057149110126819,0.005839486218958695,0.9769441300616032,38
39,0.011717507782959316,0.0006948636880176642,0.0006910542823953649,0.2945041638788526,0.692392410367775,39
40,0.0021250713021809453,0.002114250552952969,0.0021065264976991497,0.4354783472198913,0.5581758044272757,40
41,0.9592798772438688,0.010035282664879892,0.010036422464025295,0.01042420129481148,0.010224216332414604,41
42,0.6523054272649829,0.028627106610342058,0.02861935867705342,0.261521898776929,0.028926208670692555,42
43,0.001337405228700695,0.0013296860205952111,0.0013255561843489067,0.9946600870934091,0.001347265472946063,43
44,0.002067879283457946,0.09921185799663151,0.0020409538102182188,0.8610184979700722,0.035660810939620195,44
45,0.010234723346235795,0.010036946702165504,0.010007550440409746,0.010272425609157304,0.9594483539020316,45
46,0.9267512491018882,0.018308707729637285,0.01826521609302893,0.01844366695894364,0.018231160116502127,46
47,0.004136034929226153,0.004124091397220258,0.025395897430389718,0.5646560308869863,0.40168794535617747,47
48,0.2236226417471051,0.12311988066601566,0.010191634580757522,0.37860636192316877,0.26445948108295303,48
49,0.09395559307222542,0.005665785267289146,0.0055799721250812465,0.8891857125299527,0.0056129370054513305,49
50,0.9811862722533669,0.0022703740871490162,0.0022229044039257955,0.012057134762060757,0.002263314493497451,50
51,0.002737459954582198,0.002748933906262763,0.0027202173014746127,0.002722934474072885,0.9890704543636075,51
52,0.9592855151212336,0.010059868742513297,0.010354966484488136,0.010156091056317514,0.010143558595447367,52
53,0.005784300536323323,0.0056336216221218064,0.005555834228538369,0.005643111225736853,0.9773831323872797,53
54,0.024852980676187606,0.0009245168846478118,0.0009154908996494641,0.0009426637756209358,0.9723643477638942,54
55,0.3433208610516973,0.14505662190398003,0.0033899758140404313,0.0034390257623272396,0.5047935154679549,55
56,0.08690674856726577,0.0012131457532265615,0.0012067664577191377,0.7865541208428813,0.12411921837890726,56
57,0.022958230373146468,0.022224010542007202,0.022223319431752517,0.739581480582381,0.19301295907071278,57
58,0.9769874889152602,0.005720643397976185,0.005715907646175931,0.005780185736041491,0.005795774304546132,58
59,0.05410182540111915,0.8587335286435681,0.000183603324301166,0.0867923223314413,0.00018872029957046625,59
60,0.7162702305630355,0.016810143131525634,0.016667976370532335,0.017421287977817137,0.2328303619570895,60
61,0.9890847105923691,0.002720072949304297,0.002702763276280694,0.0027382614318798267,0.002754191750165978,61
62,0.7660417974542145,0.01118032244097748,0.011118498989764889,0.20041787280744136,0.011241508307601757,62
63,0.009825550611494477,0.009604806655160579,0.009525135422317841,0.7919438179270091,0.17910068938401802,63
64,0.18280021223336587,0.006847324286933965,0.006667406790320914,0.5267067465032618,0.2769783101861175,64
65,0.0035576358511150825,0.0035199515377532897,0.00350883283771826,0.13706430080979048,0.8523492789636228,65
66,0.469295704453782,0.1590031362309307,0.105715764249547,0.2633568343633142,0.0026285607024261626,66
67,0.007086799946582404,0.16320559707487323,0.006909872763216906,0.007194105455074738,0.8156036247602527,67
68,0.0011202846445912097,0.0011147394718422216,0.001111998106596488,0.020283311147086584,0.9763696666298834,68
69,0.5027818855780739,0.0054331415610003805,0.14711866352984967,0.33920356607523316,0.0054627432558428625,69
70,0.00013594617373967002,0.00013484281332462318,0.00013459984231814417,0.00013653837515999756,0.9994580727954575,70
71,0.004226157298349566,0.00419516769262089,0.004170077415400974,0.004279121178883523,0.983129476414745,71
72,0.20965339335940195,0.0027241858869063618,0.002706109928273844,0.7821703502147653,0.002745960610652497,72
73,0.011309699384424034,0.011160619990204722,0.01112380200096611,0.9550473259480233,0.011358552676381804,73
74,0.9887177474585972,0.0028260594430312654,0.002813128794387445,0.0028122401302907523,0.002830824173693405,74
75,0.3008782432037108,0.005568327959524457,0.005562547925941403,0.6823186986755827,0.005672182235240553,75
76,0.2991305421426202,0.243657959549012,0.002597579335317828,0.0027071896509315557,0.45190672932211845,76
77,0.002102178762008093,0.0020594324634747993,0.0020426635887958134,0.9065336032807827,0.08726212190493873,77
78,0.9719873685930116,0.006964658694008916,0.006903453401102277,0.006943744208113461,0.007200775103763745,78
79,0.9918351641929841,0.0020260394452351186,0.002021154475546239,0.00205865867971039,0.002058983206524169,79
80,0.0009184408016424595,0.0009151477787402469,0.0009092326647401672,0.0009215833795962765,0.9963355953752809,80
81,0.004301687558575272,0.0042902805930528165,0.004255428400894124,0.0043411445416477,0.9828114589058301,81
82,0.6937678764891536,0.05039677420300838,0.0005842456957378743,0.11257880659142658,0.14267229702067338,82
83,0.5001050335589406,0.004630898485041371,0.004571383785620052,0.485990064136052,0.004702620034345931,83
84,0.004348280915549578,0.004183371227861693,0.004169263229343378,0.9830230442847345,0.004276040342510744,84
85,0.9591414921284627,0.010052456865150284,0.010000349228733484,0.010525447740109344,0.010280254037544382,85
86,0.7438045845406219,0.0018610713145093632,0.0018456038527184194,0.19420984078392112,0.05827889950822921,86
87,0.6251958223415297,0.001829780662277302,0.001819386511807038,0.0018669593630931609,0.3692880511212928,87
88,0.012754649891901,0.012529923325528965,0.012500190770615777,0.9494889929474197,0.012726243064534565,88
89,0.9376718582410082,0.015541267556668108,0.01538542895190279,0.015594547896427094,0.01580689735399377,89
90,0.609361590752303,0.00416974680040447,0.0041008937420673125,0.37820717627333444,0.00416059243189068,90
91,0.002169257024047454,0.0021670208608841122,0.0021317005858290986,0.0021449819293087448,0.9913870395999307,91
92,0.9816130058647886,0.004562388252954335,0.004545888340478542,0.004657839000237033,0.004620878541541314,92
93,0.9270013589527638,0.0011664147892830007,0.0011632350953605464,0.06946938444021321,0.0011996067223794002,93
94,0.3276922245922082,0.00922759176155349,0.009093026260948744,0.6447868807146445,0.009200276670645156,94
95,0.013531245773737408,0.0134745445622661,0.013334487152351046,0.6580616025391945,0.301598119972451,95
96,0.0007954091875873287,0.11312133909979531,0.0007739702903572848,0.42374296207012013,0.46156631935213993,96
97,0.9821450575351723,0.004591993773709371,0.004347973807884387,0.004459094416267766,0.004455880466966209,97
98,0.007214869555044666,0.007150652334832125,0.007144801065189787,0.00720119984612224,0.9712884771988112,98
99,0.9816067209495755,0.00459563594089028,0.0045495683958448,0.004618100526838496,0.004629974186851,99
100,0.9925813249141792,0.0018492719305461237,0.0018489342765489738,0.001872376331316215,0.0018480925474096963,100
101,0.5411383120890738,0.08697830443627548,0.004287042762903611,0.09997902555598047,0.26761731515576664,101
102,0.32390276905151605,0.0014547571934469467,0.0014533672909317545,0.6717177299468372,0.0014713765172680443,102
103,0.550117112849984,0.033881491994879824,0.03333397876176461,0.34823771992394303,0.03442969646942876,103
104,0.003679504853725573,0.0036398759575487836,0.003636463386750438,0.0036743362924438537,0.9853698195095313,104
105,0.765532976184087,0.0011483430806978477,0.0011444891895607766,0.02809161265401275,0.20408257889164166,105
106,0.9735929783525658,0.0065754777482212035,0.006490855700280975,0.006681315929736413,0.0066593722691957475,106
107,0.31074747684548315,0.0031409268351630984,0.0031267116901539703,0.6797773672561129,0.003207517373086806,107
108,0.945944468217214,0.013381656731331881,0.013333459180985522,0.01385721039782057,0.01348320547264801,108
109,0.0076697667112436,0.007483255975822931,0.007456858448111548,0.9699034667232473,0.007486652141574493,109
110,0.00962712823711806,0.009589103407572243,0.00952407941617952,0.009679303086799618,0.9615803858523305,110
111,0.7932184624907064,0.003288143889992966,0.0032396937341846164,0.1969660277540568,0.003287672131059256,111
112,0.9832326540777305,0.004175000313955555,0.00416686150488722,0.004210474904302759,0.004215009199123834,112
113,0.3220246932978354,0.01666937374282678,0.01666723692277586,0.6274405363966588,0.017198159639903194,113
114,0.010373101136202344,0.07820861240639952,0.01000102922804794,0.010243597146273051,0.8911736600830772,114
115,0.004788483328998749,0.004765523040729066,0.00476192959772956,0.0047907086683970715,0.9808933553641456,115
116,0.016994601008135338,0.016860989746854734,0.016666861601304466,0.01701449724048635,0.9324630504032191,116
117,0.21219257087599092,0.3779532937330521,0.008000147380317629,0.008090329852794063,0.3937636581578454,117
118,0.9637966551174336,0.004780150165620938,0.02165578612352374,0.004839724691334048,0.004927683902087731,118
119,0.01574648674740718,0.016223241221483244,0.015384757909886294,0.6109576281058182,0.34168788601540495,119
120,0.07069845080906251,0.0012862733636783597,0.0012820860965517486,0.0013024382237293193,0.9254307515069782,120
121,0.0015042800311700127,0.0014789865535166035,0.0014721982053145133,0.6588104703726493,0.3367340648373497,121
122,0.8488613452071159,0.008049918257552871,0.008036139289012612,0.008312933400614866,0.1267396638457038,122
123,0.07725560885176116,0.0027330311880412166,0.0026911085804563173,0.0027396235582547797,0.9145806278214864,123
124,0.004839882227621551,0.004783677899314128,0.12433348840581013,0.004921836651550872,0.8611211148157033,124
125,0.01578906493315969,0.01694279316417994,0.0153847224971263,0.9360017733671269,0.01588164603840731,125
126,0.040242342968656135,0.04001376476056483,0.040000372055758224,0.04035736578334345,0.8393861544316774,126
127,0.0013435091442783268,0.001321499139935707,0.0013084219151952357,0.00133835045758504,0.9946882193430058,127
128,0.016791303917171988,0.01689822170160109,0.016736730072233908,0.9325812816794525,0.016992462629540298,128
129,0.0014785195123980246,0.0014329892502704773,0.0014289998217888904,0.38547877495360167,0.6101807164619409,129
130,0.5503806456411077,0.0074428856843224015,0.12380681130425475,0.31086937519850727,0.007500282171808,130
131,0.0038434358995699603,0.0038320995387410607,0.003773913165793766,0.6445567066924006,0.3439938447034947,131
132,0.959532559909028,0.010115193323126003,0.010031552069761435,0.010210735204787918,0.010109959493296806,132
133,0.0006219564961369769,0.000620559791995235,0.0006176288054326006,0.0006246748085540418,0.9975151800978811,133
134,0.17567164771598626,0.34743035581320025,0.007692781500288522,0.007884071799749993,0.46132114317077505,134
135,0.050499780678529956,0.05022239657312279,0.05000432671168382,0.7977400420496473,0.05153345398701609,135
136,0.0032629361330541737,0.003232152943900337,0.0032263419158510167,0.6894018888809599,0.30087668012623453,136
137,0.9267062647908761,0.01819019523549114,0.018192921372038564,0.018413212205928134,0.018497406395665883,137
138,0.6732616099162981,0.005465279731900892,0.005395758861203381,0.3103438890738854,0.005533462416712111,138
139,0.004480999002840103,0.004448043784518264,0.004444530267754796,0.004531868280152253,0.9820945586647346,139
140,0.03652166140421495,0.2639137960381208,0.0025028865876615203,0.19740041624099375,0.499661239729009,140
141,0.00018288793420035738,0.00018192117621124046,0.00018362630058019782,0.9992702848531261,0.00018127973588223908,141
142,0.6711203284854681,0.20810724341426315,0.04003142564043416,0.040566100993723334,0.040174901466111204,142
143,0.002667570517290457,0.0026403196316119207,0.0026324577816902095,0.5797515984541589,0.4123080536152484,143
144,1.843831076157496e-05,1.8537557687556182e-05,0.9999261757688435,1.8430016229134544e-05,1.8418346478313422e-05,144
145,0.001098811167826725,0.001094843343562369,0.001058263597389007,0.0010829499436593925,0.9956651319475625,145
146,0.5522057374806955,0.17273460143769387,0.011118294862300603,0.25273995107287217,0.011201415146437976,146
147,0.0011349934084815896,0.0011300156430019697,0.0011242796297666784,0.001149156206614215,0.9954615551121356,147
148,0.009594344870094513,0.009613678472541933,0.009524220916749248,0.009723921427258489,0.9615438343133559,148
149,0.018405397494459217,0.018639600095337227,0.018182136973343452,0.4305715262903734,0.5142013391464867,149
150,0.9700210425971024,0.007462430971423058,0.007407655605133986,0.007503407261874618,0.007605463564465906,150
151,0.20950547201596015,0.6519890970163885,0.005883841904642293,0.006052527194846455,0.12656906186816255,151
152,0.0025180920599577428,0.0024982508988533425,0.002469212376550672,0.0025308203320773873,0.9899836243325608,152
153,0.2648095592237614,0.252913747227823,0.00027024710003850194,0.4817327459850528,0.00027370046332420917,153
154,0.7609410124551736,0.0025178649945254246,0.0025009771131720084,0.0025550028506254145,0.23148514258650355,154
155,0.01582461739112895,0.01588068012351597,0.015415344304975166,0.7244302597327233,0.22844909844765662,156
156,0.0009829773415008995,0.0009777319143601858,0.0009737940327488854,0.0009903727166531845,0.9960751239947369,157
157,0.4644090554009347,0.005887838803949246,0.005882601833749521,0.005954373979176411,0.51786612998219,158
158,0.08359102524344468,0.0021190931917288353,0.0020639829131585603,0.002102496655033083,0.9101234019966349,159
159,0.00752447386534673,0.007424037885855397,0.007413476961121705,0.007609876580343779,0.9700281347073324,160
160,0.008068282616960621,0.008014720746313883,0.008000352474096868,0.008085097648981372,0.9678315465136473,161
161,0.8039669831413138,0.004019659003778896,0.004000716871647806,0.1839190426306283,0.004093598352631289,162
162,0.03870064961845227,0.002063136703441512,0.002046502207654291,0.04309171220145178,0.9140979992690001,163
163,0.5558681229041618,0.3577503581114253,0.028571786447845134,0.02905812723075762,0.028751605305810255,165
164,0.0057139186670309055,0.005570254642189405,0.005559199155392929,0.9774853492293019,0.005671278306084852,166
165,0.30775426432439285,0.02907930456061276,0.02857169283954487,0.6050987757372723,0.029495962538177153,167
166,0.4527962844653623,0.0021506025027704296,0.0021315972124606106,0.002193486599021794,0.540728029220385,168
167,0.22261447793806222,0.00837456405230838,0.008507313546237827,0.7521216137703159,0.008382030693075616,169
168,0.0020271976648948606,0.0020193270907515985,0.0020111843760367747,0.002042682312862816,0.9918996085554539,170
169,0.017107406974543164,0.016684290981222077,0.016667325991331,0.016947044592252974,0.9325939314606508,172
170,0.502243054952543,0.010089499609616866,0.010000602148861061,0.46761066510663213,0.010056178182346833,173
171,0.0224064777744574,0.022290660865896973,0.02222254148066682,0.9102793167476969,0.022801003131281774,174
172,0.901431931836862,0.007734274236695041,0.007694422265750065,0.07524430033565661,0.00789507132503637,175
173,0.3099276254368063,0.03375487443650517,0.03334185263981143,0.03369068139761182,0.5892849660892653,176
174,0.5129189516418324,0.004707257186933776,0.005096174634988243,0.004589644287453334,0.47268797224879217,177
175,0.6321426123733607,0.003312098827519892,0.0032968006679372852,0.003349262899306383,0.35789922523187573,178
176,0.007066704589163366,0.006972473172967345,0.006898486581205166,0.9720653844779933,0.006996951178670743,179
177,0.0024209651228791957,0.0024003612263730563,0.002388430164705913,0.00243287070785832,0.9903573727781835,180
178,0.007230596340665643,0.007209160747680461,0.0071435639991132656,0.6226051956086817,0.35581148330385887,181
179,0.1833937446344817,0.0009276753787112802,0.0009194899871215039,0.22633009973466464,0.5884289902650209,182
180,0.0025968551106487626,0.0025470808385086537,0.0025319146617291005,0.43548050410734157,0.556843645281772,183
181,0.6387895716383678,0.0007735561044393189,0.0007696135048255398,0.3588798769100522,0.0007873818423151206,184
182,0.9797649739771201,0.005106874889809955,0.005003512880366646,0.005055736221852852,0.005068902030850425,185
183,0.42564636246205617,0.018194979229852443,0.018182928024226767,0.018851717598404195,0.5191240126854604,186
184,0.3482667800115169,0.009122958563448746,0.009097977949818535,0.6241164528105695,0.009395830664646394,187
185,0.47268283731757865,0.005060426357680632,0.005030983496256594,0.4839913373590046,0.033234415469479466,188
186,0.4982915769396638,0.0019598085863402064,0.0019814938555396166,0.001994196884618628,0.49577292373383774,189
187,0.961586034128298,0.009534835027144356,0.009523827560942931,0.00967935132477334,0.009675951958841536,190
188,0.9633425431857614,0.009104495904369288,0.009091210196268792,0.009226221150627795,0.009235529562972654,191
189,0.4259866623971987,0.3846556025502144,0.0037163006218704753,0.00379886063646081,0.18184257379425567,192
190,0.005327053241055644,0.08029815470403717,0.00526635298522131,0.005365897193441735,0.903742541876244,193
191,0.5774000105998623,0.016695736058738378,0.016679538259419806,0.01671289551261922,0.3725118195693602,194
192,0.779415380328504,0.21291552386826354,0.0025353723141578496,0.0025721530851186823,0.0025615704039558727,195
193,0.14478513077769262,0.24888588065635503,0.0012680587862471178,0.603771585071744,0.001289344707961197,196
194,0.004032087943732408,0.004004142301932948,0.004000042189516692,0.0040479196273898,0.983915807937428,197
195,0.0049711011179361725,0.03933760090504363,0.004878556150263382,0.0050347770764899,0.945777964750267,198
196,0.49812654327371186,0.01434993814184487,0.014287366435069743,0.45871778727646767,0.014518364872905871,199
197,0.015642702676051702,0.015588652732628328,0.015384729030485652,0.3200957785615829,0.6332881369992513,200
198,0.1016520719853125,0.006948873144877537,0.006904815798104095,0.8774424959240125,0.007051743147693401,201
199,0.007826520529089252,0.0077982668724261755,0.0077016474932016825,0.007944809904650393,0.9687287552006325,202
200,0.0006638490521146434,0.0006566076786555587,0.0006552668659163678,0.0006680427527284507,0.997356233650585,203
201,0.09510247510408727,0.5118003958880168,0.003571756071022218,0.003641560898514547,0.3858838120383591,204
202,0.9855575880378487,0.0035823299921867576,0.0035721896985791775,0.003637194509534078,0.0036506977618514383,206
203,0.012926197152990523,0.01284187338834675,0.012715059622129458,0.948778980174039,0.012737889662494293,207
204,0.0010501994322871789,0.0010321811409869715,0.0010262812702563169,0.8603112005598113,0.13658013759665827,208
205,0.0013250145192367816,0.0013318384622839658,0.0012906509444485766,0.19767367770299085,0.7983788183710399,209
206,0.0007414624807978871,0.000735363897821007,0.0007326275421154912,0.0007425878146574635,0.9970479582646081,210
207,0.9710871208304387,0.007150896598686295,0.007145353049828921,0.007236561364337018,0.007380068156709087,211
208,0.017684035200021774,0.0014698243628024153,0.00146033568200133,0.0014968962059744935,0.9778889085492001,212
209,0.6162209469856555,0.002911455880426471,0.002900315334084506,0.0030136993812422855,0.3749535824185912,213
210,0.981837694826084,0.0021598930813279014,0.011547337530608983,0.002230135001578382,0.00222493956040085,214
211,0.006329204617877101,0.005907053852195034,0.005882719340701426,0.005966950936788648,0.9759140712524378,215
212,0.23042908624645486,0.006417043993666239,0.12846115710396233,0.6284773481152769,0.006215364540639619,216
213,0.5769028138965439,0.002829347537209549,0.002817306665283401,0.0028762289824712573,0.41457430291849184,217
214,0.016938774863091498,0.016813153886884015,0.016666807481395953,0.01686401460338728,0.9327172491652413,218
215,0.004811181701516656,0.0048187167892083365,0.09775112499357597,0.004838563564471559,0.8877804129512273,219
216,0.6427535879872629,0.028572010853705376,0.028571471780900543,0.02908872528025326,0.27101420409787796,220
217,0.0014378183777493826,0.001420256811606047,0.0014184573481971087,0.0014361788489731231,0.9942872886134743,221
218,0.05000263599587788,0.050007368586807405,0.05000719573567921,0.05167169067047436,0.7983111090111612,222
219,0.04034426541139418,0.04003026440544789,0.040000085287222396,0.04059782627868565,0.8390275586172499,223
220,0.008308226599807038,0.00808014837405061,0.008000147659756495,0.6905891973107171,0.2850222800556688,224
221,0.001802230130474214,0.0017909166542833047,0.001771777833416848,0.001809535424129721,0.9928255399576958,225
222,0.0015584582084570728,0.17775008550591023,0.0015405011754126238,0.0015676216477681052,0.817583333462452,226
223,0.002422897329157136,0.0023849950140378,0.00238137126654368,0.0024267025280301467,0.9903840338622312,227
224,0.001148844174223294,0.0011418328761925857,0.0011269534468731238,0.05995175640381058,0.9366306130989004,228
225,0.004176464380460191,0.0040488921592535376,0.004007565522641289,0.5117892931416689,0.475977784795976,229
226,0.00214603150811734,0.0021484016105037754,0.0020956903436919827,0.24238099962716775,0.7512288769105192,230
227,0.49889808997450275,0.004363930306156031,0.004348678195906122,0.13983724035223644,0.3525520611711987,231
228,0.9314533802215601,0.017603811664851473,0.016671855502005433,0.01699802443370647,0.017272928177876703,232
229,0.0039086358017286936,0.003862288695382294,0.003858323248407263,0.815086158004276,0.17328459425020584,233
230,0.9575139810050352,0.01059223172785535,0.01053265133803243,0.010695484283930448,0.010665651645146669,234
231,0.9633563831543634,0.009101349097049799,0.009091442544665668,0.00923437500132603,0.009216450202595088,235
232,0.11234101690040814,0.21391653490981993,0.006695881895315824,0.33190249164810753,0.33514407464634854,236
233,0.016953625738850526,0.1050882521893882,0.016668546024861293,0.5137558037494411,0.34753377229745885,237
234,0.0666677163754785,0.06666967407376977,0.06666958936205138,0.7333130739410895,0.06667994624761091,238
235,0.9739479900346598,0.006514919382088384,0.006451805796081108,0.006534416776451257,0.006550868010719433,239
236,0.29773737430662733,0.0038858709866511783,0.02334814663081492,0.0039145623718758946,0.6711140457040308,240
237,0.008082421037275533,0.008026545470995378,0.008000348039771916,0.008089775676573164,0.967800909775384,241
238,0.9460652276168319,0.013524994082515741,0.013372235885388677,0.013486504653941835,0.01355103776132194,242
239,0.7831985155188074,0.004888998157601312,0.004879000766315312,0.14065054450748005,0.0663829410497959,243
240,0.3622644963805857,0.10082289392825286,0.0024098336498679734,0.002471121284491912,0.5320316547568015,245
241,0.16849512724134896,0.09286696196777226,0.0030310582301404025,0.003079463852607568,0.7325273887081308,246
242,0.0022623052938403896,0.0022382334961897794,0.002197980943062918,0.002224502396425519,0.9910769778704814,247
243,0.05737804073244474,0.0017086015110536088,0.0016956967610264912,0.0017342833448443027,0.937483377650631,248
244,0.984140156869541,0.003945175061004766,0.003923647782760064,0.004029394553272261,0.0039616257334218535,249
245,0.7306520384584226,0.011799474575003898,0.011765668365943066,0.011890859791820823,0.2338919588088095,250
246,0.6548659496311279,0.006974944198720316,0.006896846791416247,0.15162526337723248,0.17963699600150304,251
247,0.2,0.2,0.2,0.2,0.2,252
248,0.001058642644062097,0.0010582727558038584,0.0010491450580208462,0.10772418595682424,0.889109753585289,253
249,0.006763879265014157,0.0064947038257361705,0.00645437012328254,0.00661084098643503,0.9736762057995321,254
250,0.9870747309996506,0.00319361088844253,0.003175430559215444,0.003290438409151668,0.0032657891435398686,255
251,0.007012073800657268,0.006933203116696252,0.006901804418913269,0.9720975159603651,0.007055402703368079,256
252,0.022888429364031328,0.5060216495825312,0.022316079358496294,0.022711790607663547,0.4260620510872776,257
253,0.011818247533295896,0.01184555817810667,0.01183716918038244,0.9526213541186973,0.01187767098951765,258
254,0.9433284847865874,0.0009318436927515825,0.0009294368458046138,0.053853137952764876,0.0009570967220914916,259
255,0.002387518520370604,0.0023444625022468056,0.0023258368725934953,0.002366625656217285,0.9905755564485718,260
256,0.002252340984797885,0.0022486975923772744,0.002224759400683005,0.0022911593394582086,0.9909830426826836,261
257,0.0018582763927329365,0.0018410551448427256,0.0018022859535821577,0.37660460040712185,0.6178937821017202,262
258,0.004124776713453294,0.004108731389140373,0.00408216140113946,0.9834467427553435,0.004237587740923551,263
259,0.24824706814154765,0.0031557131254295106,0.002985369160384846,0.07766066397229646,0.6679511856003416,264
260,0.05073826186233145,0.05035784275065007,0.0503072053821162,0.7960761063330543,0.05252058367184806,265
261,0.003471453556337002,0.003471766014334077,0.003450896741134071,0.9860809375942998,0.003524946093895042,266
262,0.0009434197832615278,0.06398902007668125,0.0009377614020844869,0.16127948867426092,0.7728503100637117,267
263,0.011881870247750625,0.011812502653520877,0.011764815163754409,0.9526000656431187,0.011940746291855337,268
264,0.9192061543041273,0.020279091904059215,0.020003252297110002,0.02034832343439813,0.02016317806030516,269
265,0.9755252690647167,0.006093490841880078,0.006061949485312201,0.006171083653609379,0.006148206954481575,270
266,0.9597229130569467,0.010022196952261532,0.010000196847995007,0.010109947944171308,0.010144745198625568,271
267,0.0019169042826713506,0.001877297260261423,0.0018569942166017602,0.0018982200233543707,0.9924505842171112,272
268,0.9376711883031381,0.015416992414817216,0.015432089538407924,0.01585888723526363,0.015620842508373037,273
269,0.011186006898766606,0.011137093926844411,0.011111422137945456,0.6452014436899092,0.32136403334653435,274
270,0.9858509547920236,0.003608765526665796,0.0034514455455469033,0.0035239730897894937,0.003564861045974214,275
271,0.9527682833420139,0.011779713301437641,0.011764861011463706,0.011873494191173702,0.011813648153910996,277
272,0.27636558095102015,0.02840265648833344,0.004555064908394392,0.5127829823304461,0.1778937153218059,278
273,0.6062890467689468,0.051957830696193,0.0022495985664770695,0.0022864714707984853,0.33721705249758466,279
274,0.9674576293783744,0.008390597159212455,0.008001738965154855,0.008106574018608113,0.008043460478650144,280
275,0.9615540527960688,0.009587936813094286,0.009524188821684815,0.009679438306393883,0.009654383262758179,281
276,0.0052434905574490365,0.2401123598888918,0.00512847826673794,0.21977755258283863,0.5297381187040827,282
277,0.006856416222205284,0.006680500829337952,0.006668944260370752,0.37657481116050484,0.6032193275275811,283
278,0.791630063194086,0.005742284904304697,0.00571505933896247,0.19103535967406834,0.005877232888578295,284
279,0.5969227775456393,0.10004358173121777,0.10000007910647535,0.10150199979803695,0.10153156181863056,285
280,0.014559292544131115,0.014290553229566487,0.01428840815258796,0.014515922849624349,0.94234582322409,286
281,0.0039582034855077,0.003926898129682847,0.003922965722447877,0.0039627382104697,0.9842291944518918,287
282,0.0030243864243798464,0.0029946082257297792,0.002985577153369479,0.109439019607478,0.881556408589043,288
283,0.7387366756762377,0.028610122969261687,0.0043737113445477885,0.2237671124552129,0.004512377554740006,289
284,0.8299884288527866,0.15742042303617637,0.004167091216804537,0.004210847576832839,0.004213209317399778,290
285,0.4235495462449616,0.01269844713609593,0.012500073344349981,0.5384077447445004,0.012844188530092187,291
286,0.008063409995377612,0.09539630404697541,0.007849916178521479,0.4692990333021784,0.41939133647694704,292
287,0.8627230656181504,0.0057257725041607406,0.005715077895871107,0.005845651606358022,0.11999043237545975,293
288,0.0019239162613329515,0.0019435998204276684,0.0019055258286868931,0.11052051027476324,0.8837064478147892,294
289,0.0040361470016353485,0.13620845952258862,0.0039270301087050595,0.004042636846654908,0.8517857265204161,295
290,0.00810304876727506,0.008112834229003852,0.008055189138561325,0.9675332088209568,0.008195719044202882,297
291,0.01009399604845331,0.010009554003935195,0.01001016903966144,0.9592949144687242,0.010591366439225949,298
292,0.004742723919763262,0.0046722340689666466,0.004651336717763928,0.004810609618167369,0.9811230956753388,299
293,0.054697956215049096,0.007714620784783941,0.007693018938334857,0.9219977586179017,0.007896645443930383,300
294,0.0351486882340342,0.03345579306246685,0.03333353810078859,0.8642434916620011,0.033818488940709227,302
295,0.00046011055448229614,0.00046167382431024084,0.00044977486755617534,0.0004609940495521165,0.9981674467040992,303
296,0.00653833926998599,0.006348857875526937,0.00625064743455969,0.974429391150397,0.006432764269530448,304
297,0.663366814002814,0.003182418044604229,0.003175447559913762,0.2683337217899751,0.06194159860269288,305
298,0.9596755356809271,0.010004411041881222,0.010000282356489058,0.010178429553936849,0.01014134136676572,306
299,0.7093867841892502,0.009533858193284278,0.009524721938315247,0.009628567043379062,0.2619260686357711,307
300,0.9382498972781566,0.015408841358591762,0.015385063139071427,0.015476266955551493,0.01547993126862867,308
301,0.9731223232965007,0.0066795337651627765,0.0066676298830993155,0.006765019142440486,0.006765493912796716,309
302,0.025161484298845644,0.025005342938144094,0.02500021940610437,0.02535795715701614,0.8994749961998898,310
303,0.004525160959063571,0.00446372382582197,0.004444629780846027,0.004507303479669847,0.9820591819545985,311
304,0.04025440694499986,0.2862295441367961,0.04000171286262652,0.040707460552271604,0.592806875503306,312
305,0.5966509538777512,0.011128515517831518,0.011152218240523638,0.01141061265390258,0.3696576997099909,313
306,0.643324576795121,0.004271218996348904,0.004255910307552367,0.34378322053334565,0.00436507336763214,314
307,0.005794737374203249,0.005716252721946709,0.005714747892862164,0.005764510011001733,0.9770097519999862,315
308,0.36186994171991244,0.009555269835063858,0.009525528164062439,0.00986045704433798,0.6091888032366232,316
309,0.7329234935502056,0.06670840513017555,0.0666668566121325,0.0667893486379114,0.0669118960695749,317
310,0.22577647314416366,0.012627714696159925,0.012507014131719752,0.736343480866795,0.01274531716116169,318
311,0.004402427204306123,0.004367302167126962,0.004347990327941765,0.03815721481630055,0.9487250654843247,319
312,0.9820033237335023,0.00476828177984498,0.004399882507476337,0.004401510609725251,0.004427001369451245,320
313,0.14930603513631724,0.007339226387233629,0.007181486337294609,0.21693151088273055,0.619241741256424,321
314,0.11678817901938156,0.3581267246502103,0.0019058228133521072,0.2927971300909025,0.2303821434261536,322
315,0.006736584945690871,0.00648666985974077,0.006452856061999446,0.8020060876303862,0.17831780150218268,323
316,0.9701337797332721,0.007420516528267597,0.007409349176373962,0.0074874943525094695,0.007548860209576915,324
317,0.11212717334772104,0.05625661311004933,0.0008289257396867587,0.025355309205851922,0.8054319785966909,325
318,0.331887878361571,0.0032057745851810124,0.0031848510065238503,0.6584331655474528,0.0032883304992713997,326
319,0.4317649401731188,0.0016630345477485944,0.0016465509209818796,0.35802218825445176,0.20690328610369899,327
320,0.020440539693979024,0.020070582434554337,0.02000087724184937,0.020460534040896327,0.919027466588721,328
321,0.0030525116273911255,0.0030688886821797364,0.09326508757731067,0.37703112975553665,0.5235823823575817,329
322,0.005716549932185785,0.0055719707255770115,0.005556334765293566,0.005634141937291217,0.9775210026396525,330
323,0.00400832358933491,0.21487289218598757,0.003924301946820524,0.0040205036250000915,0.773173978652857,331
324,0.004045608681709867,0.004019928177327242,0.004000220458178524,0.004103323002231711,0.9838309196805526,332
325,0.6012465159839699,0.02858881499552737,0.3124510947558855,0.028909620751206525,0.02880395351341082,333
326,0.008760801060416329,0.008706453895856291,0.00869584063480788,0.9649651452800293,0.008871759128890253,334
327,0.025196408541533467,0.025078218999987138,0.025000077564324635,0.025428406352061457,0.8992968885420933,335
328,0.959837588107323,0.010011716508908908,0.010003171605875206,0.01006028263911704,0.010087241138775897,336
329,0.029983511864431496,0.028658107722052375,0.02857157967963958,0.8836019300616362,0.02918487067224032,337
330,0.6932903143953432,0.013538030960282606,0.013443018520347984,0.26627060623174925,0.013458029892276988,338
331,0.9153484027926511,0.002335489449260463,0.002300658169010995,0.0023482313358224993,0.07766721825325493,339
332,0.24724999642542117,0.0070061882869570605,0.006897429129688556,0.007161456419599133,0.7316849297383341,341
333,0.9816575792430053,0.004575433250503212,0.004545535816920285,0.0045816213181866395,0.0046398303713846584,342
334,0.001907891220449184,0.3374180994945192,0.0018519407656066684,0.17633026563212748,0.4824918028872975,343
335,0.0021482374667898072,0.16888618203929923,0.002115080357068312,0.0021547400020481503,0.8246957601347945,344
336,0.009160192001211117,0.009124243350714462,0.00909808530275112,0.963347368552923,0.009270110792400248,345
337,0.9928584651159625,0.001812066085410816,0.0018059920260891631,0.001757976963459077,0.0017654998090783844,346
338,0.16629124610596863,0.022255327683705167,0.0222223194926725,0.0226502549969088,0.7665808517207449,347
339,0.9769231398813181,0.005738856209254639,0.005714613752241504,0.005815815644495446,0.00580757451269018,348
340,0.005531944454504153,0.005477341413683442,0.0054055632188726435,0.005536898863315077,0.9780482520496246,349
341,0.004231738242289547,0.004184279645939206,0.004182690606634641,0.6914587332785179,0.29594255822661863,350
342,0.10658900269453615,0.06084098651353237,0.002325713045463349,0.12789452229913267,0.7023497754473355,351
343,0.011853272774419027,0.011839792918725958,0.011764744849064366,0.011870033316961359,0.9526721561408292,352
344,0.005066847656528211,0.0049587712914096185,0.004882236079518588,0.18160525988726545,0.8034868850852781,353
345,0.05025598551665252,0.05000020045473998,0.05000005361428302,0.05045787550020584,0.7992858849141186,354
346,0.005761837134120661,0.00555855501059456,0.005555749939676768,0.9772646446068944,0.005859213308713442,355
347,0.6916261842344595,0.08573840833204428,0.0076929923479955,0.007839207343059547,0.20710320774244115,356
348,0.9847354127281436,0.0037965519261079373,0.0037813657396691303,0.003842984198968423,0.003843685407111086,357
349,0.8436468549973143,0.002830146291148706,0.014735725215741388,0.002874966811719928,0.1359123066840756,358
350,0.004508629767410101,0.00446037320889337,0.004444506253558893,0.004512081511732939,0.9820744092584046,359
351,0.8970512374542944,0.0063589213145638585,0.0062503104373947726,0.006452561941001055,0.08388696885274592,360
352,0.00350740093184829,0.003403116991023669,0.0033900912616098445,0.12614980915610682,0.8635495816594114,361
353,0.0032812118166141474,0.13279910459575753,0.0031780352400812514,0.2917062758210144,0.5690353725265327,362
354,0.020125393266600313,0.12557330321453172,0.020000122641162382,0.0204751219212324,0.8138260589564731,363
355,0.04005428143739455,0.04000425374018714,0.04000023529054697,0.04015763477126744,0.8397835947606038,364
356,0.0014787124684246796,0.0014654353858782813,0.001460017520037102,0.5087969334310998,0.4867989011945602,365
357,0.0003399333103887223,0.00033751327311377395,0.0003359378476183111,0.08427790317207556,0.9147087123968037,366
358,0.9887585902300804,0.0027903580372207566,0.0027778204298583064,0.0028084635043314305,0.002864767798509042,367
359,0.7466560553871079,0.005726702726024354,0.005715910133022422,0.23608545511145976,0.0058158766423854966,368
360,0.05982628332341795,0.00528187136957389,0.005263357520113977,0.005449395206786661,0.9241790925801076,369
361,0.12117058124662511,0.023155495592771545,0.02222488417946435,0.022479392376008985,0.8109696466051302,370
362,0.015522020836794184,0.19133659405567577,0.015387396517609352,0.7618579387782783,0.015896049811642315,371
363,0.000617040795897085,0.0006151610945479528,0.0006040776689133654,0.8542931757221138,0.14387054471852778,372
364,0.01758617719890935,0.039888700236797754,0.0013023719898498979,0.7320947264987894,0.20912802407565356,373
