,index,topic_0,topic_1,topic_2,topic_3,topic_4,topic_5,topic_6
0,0.0,0.16760640068988145,0.1259420539422869,0.2932416068262821,0.24506411658813226,0.07266534885445398,0.0419209385352961,0.05355953456366719
1,1.0,0.27726364213401955,0.05509120146985571,0.08940282531439098,0.12753096385909912,0.1133334819145268,0.31427808927566864,0.02309979603243916
2,2.0,0.5349132115684164,0.07315355740601472,0.09734319602379582,0.1331437471996279,0.06694946441497938,0.05120640970779912,0.04329041367936654
3,3.0,0.49480893981556534,0.043121521392256,0.11435681650782965,0.2044090177382409,0.03484842644871401,0.053847300740173826,0.05460797735722025
4,4.0,0.13671400156328217,0.550427826583813,0.05836419402664499,0.07351116503655959,0.10603006278253087,0.05593438209669441,0.019018367910474916
5,5.0,0.13571765272064346,0.31590281384744595,0.21812599357176726,0.08001610512483867,0.15438267336047712,0.050234783424270964,0.045619977950556626
6,6.0,0.5071520754838383,0.08648741478778953,0.1812708574651234,0.08149450773294706,0.040876405877027705,0.06873370023311015,0.03398503842016386
7,7.0,0.24844649726232093,0.04265116834230728,0.08353142494116278,0.533566799158303,0.03556171680324666,0.023892959802979778,0.03234943368967952
8,8.0,0.33854834556043983,0.03723588432554623,0.0442765787600183,0.5289232728229702,0.008994989512273467,0.0,0.04202092901875179
9,9.0,0.6648980274247039,0.0579765707032813,0.050248959727697426,0.13295744760666411,0.04558687471323204,0.01804083850802172,0.03029128131639954
10,10.0,0.09968487095440527,0.08446242027805653,0.07618266317943143,0.15387096826251578,0.05063920828757422,0.04861298796613342,0.48654688107188343
11,11.0,0.09806968470107101,0.5135152784659386,0.13235995783795323,0.09644127046914083,0.12991007102439853,0.008852144106821776,0.020851593394676085
13,13.0,0.24090659841464118,0.0693398677676591,0.048069762695589206,0.06916288619419514,0.5057413631714951,0.033696989609119835,0.03308253214730038
14,14.0,0.1732975943407396,0.058002014725253986,0.04587516362604924,0.6004144992266592,0.07503863246001212,0.018059110552934875,0.02931298506835087
15,15.0,0.32857956540551136,0.2031276397499553,0.2267327979335507,0.05788134522990997,0.11162871858306059,0.033465398361681054,0.038584534736330924
16,16.0,0.6417318680016504,0.05877443374299646,0.04056367521688499,0.04970709247697516,0.06498004653095606,0.03346499316286984,0.11077789086766712
17,17.0,0.11275843505815336,0.09170531378328788,0.5349395296118393,0.09662158416593747,0.06577915171094001,0.046379321092638676,0.05181666457720332
18,18.0,0.600296400559124,0.05105653175514181,0.07065332658932788,0.10862165562523302,0.1112438216826698,0.018559060249805984,0.03956920353869739
19,19.0,0.6514738922822221,0.04105804745017388,0.057663782424719465,0.12545489490196388,0.029695023525162977,0.05819004432810472,0.03646431508765315
20,20.0,0.06742494305764812,0.0992318679821194,0.09453740267048295,0.05361731231528267,0.6467144127426877,0.020196828761544296,0.018277232470234772
21,21.0,0.05237433322752595,0.09496973896059871,0.4895587193560277,0.15043674077111557,0.04343500834418274,0.12724274625332785,0.041982713087221665
22,22.0,0.2481421115155144,0.05483256959357244,0.06529753337799496,0.4939313967108232,0.04878076192957049,0.0609623578968974,0.028053268975627228
23,23.0,0.26636872371695464,0.016642394946625002,0.12366571671009902,0.285334599987739,0.09955584385538521,0.16616627494374453,0.042266445839452604
24,24.0,0.27251082918395897,0.3231470693251851,0.06393730495997016,0.06132250804702637,0.06417648347185811,0.13980599328383503,0.07509981172816624
25,25.0,0.38485630088652983,0.09704452217423294,0.28657091533869716,0.08974166052003449,0.09261157411232772,0.022691537795756347,0.0264834891724215
26,26.0,0.09298725011038904,0.14500448560450654,0.031012377996856588,0.0683667367083894,0.5827078146733868,0.029330719872900438,0.05059061503357122
27,27.0,0.14126810205763063,0.3663201409202723,0.032242011138673816,0.0,0.05969390371579253,0.40047584216763077,0.0
28,28.0,0.10030901038613871,0.16245660750736535,0.051137351805157716,0.056359391409972405,0.5327340704830117,0.04797274283684547,0.04903082557150888
29,29.0,0.07734139090053645,0.0944251417112533,0.6153552683135279,0.06402721164304928,0.042721973864072435,0.016246068423716065,0.08988294514384451
30,30.0,0.25113414713081594,0.10274718932565283,0.10307465794484244,0.417949654758984,0.05286831515821123,0.03862648434512729,0.03359955133636624
31,31.0,0.07162452416500617,0.12308474905349065,0.05031031925782298,0.5867709806047499,0.06800236659658224,0.07067197976017695,0.029535080562171145
32,32.0,0.2007683044977746,0.2141119516719728,0.2762187549989451,0.07183261204054756,0.12793416354654857,0.0727094776425316,0.03642473560167984
33,33.0,0.07672694849058767,0.13077748294271524,0.5831835643968679,0.04396698734246028,0.09312764820157672,0.042766272450481015,0.02945109617531113
34,34.0,0.04010263422117292,0.6349442894248872,0.13310494054467373,0.03671585042087566,0.10722253864035343,0.041153916487344136,0.006755830260692916
35,35.0,0.6705975804458217,0.06176786792639277,0.03339627954827018,0.08207737192474732,0.0290784551552128,0.10718618722574047,0.015896257773814818
36,36.0,0.12248950804167612,0.11693416440825902,0.08874784110646634,0.04272546220591174,0.0594358449857692,0.015432614099480301,0.5542345651524373
37,37.0,0.1421410546579704,0.43040760699983605,0.0893318637686735,0.15199704048871757,0.090305936886571,0.03901993334315373,0.056796563855077614
38,38.0,0.09541609574064575,0.05341986707755395,0.2619310057663244,0.253077625467471,0.0902020461200839,0.21444455578404062,0.031508804043880456
39,39.0,0.4892536692157122,0.13055035747443977,0.11797908494982248,0.10029589049302151,0.08103918401619759,0.04210954035811735,0.03877227349268911
40,40.0,0.0658131189026688,0.13581539668320536,0.07663120786223493,0.12069001787954735,0.06201863786612232,0.055902095874359674,0.4831295249318616
41,41.0,0.28137986157696937,0.05286564546239733,0.07932999998494272,0.3780306688728369,0.06799695811645456,0.039878507561850546,0.10051835842454854
42,42.0,0.0,0.0,0.0,0.25000000000000017,0.0,0.0,0.7499999999999998
43,43.0,0.04829569751578078,0.09470953474264805,0.06416554748606537,0.07799855779522791,0.07323632926688473,0.5967549656703536,0.04483936752303978
44,44.0,0.04278643776728198,0.06563554759568718,0.03349275035641669,0.6185868958156506,0.019783892367800177,0.13111572780075134,0.08859874829641204
45,45.0,0.06536834380194732,0.41552061738665413,0.07086731426047206,0.0628651328170299,0.23124746784544806,0.08045502065851921,0.0736761032299291
46,46.0,0.21572251191571634,0.05502238347824429,0.1681117106181799,0.04992877389235312,0.5081873568280602,0.0,0.0030272632674461014
47,47.0,0.07338035471883475,0.05558231190271356,0.1535680864948179,0.13885432009524049,0.06490956485516015,0.04570384048163721,0.4680015214515959
48,48.0,0.3549050138298463,0.11026001094651211,0.15114449204266076,0.11429640554639475,0.1608311396218194,0.09155336118677926,0.017009576825987534
49,49.0,0.2687083148909635,0.03781946142097924,0.03653404712843407,0.07494033189859223,0.15034564884229673,0.36041949908466897,0.07123269673406536
50,50.0,0.2750998923479113,0.04118107126321641,0.08517521441538789,0.0672773414526027,0.060451346101492415,0.4541447267083476,0.016670407711041633
51,51.0,0.05909668812040804,0.19201397309723695,0.2553793899165161,0.0700839609130918,0.3671435984682982,0.016832602049665385,0.0394497874347835
52,52.0,0.34232162384078496,0.028061820597311486,0.0931944558874164,0.09961036988755256,0.018966748747569706,0.04060108441972697,0.37724389661963775
53,53.0,0.08198002189918632,0.1285904697311327,0.046144207254610076,0.07372791218629138,0.10439481254889232,0.06519841267694967,0.4999641637029375
54,54.0,0.10567912772091788,0.07428747856181453,0.5786852194307002,0.0927654770956039,0.07046261199503262,0.03562836749077222,0.04249171770515877
55,55.0,0.517874709479584,0.08970551713597574,0.1274379447832369,0.14279305497471348,0.08018473440396795,0.024882818978241055,0.01712122024428089
56,56.0,0.11256013217560447,0.13021227739844443,0.09734869552384229,0.12277776454151067,0.07682313369535407,0.42520577204410154,0.03507222462114261
57,57.0,0.4107201316979375,0.21832326305259508,0.025061530275332294,0.17703005394311266,0.011386456068230162,0.03186197787130644,0.12561658709148601
58,58.0,0.29677827212162416,0.05052609691877311,0.4875190979698827,0.06204707722405286,0.03632289130330796,0.021870622812246082,0.04493594165011307
59,59.0,0.69524588742938,0.0560617824483846,0.048035884400101925,0.05170910003166557,0.09421653466869523,0.029353150607335402,0.02537766041443755
60,60.0,0.5227572036686925,0.10198286342581711,0.08518730802079003,0.11706697272120281,0.11055601608205146,0.023313714308213034,0.0391359217732332
61,61.0,0.27482357034639393,0.07005165765843444,0.06343499143452039,0.11978698673718287,0.0949851522227697,0.3319393696966927,0.04497827190400602
62,62.0,0.144311359279092,0.07650704710285969,0.13816262196058543,0.515156158372789,0.042511942120005086,0.04659035714803151,0.036760514016637214
63,63.0,0.09784552551341434,0.023198665545217725,0.05911040538488514,0.09610545451035886,0.15104150599957414,0.5150177761595633,0.05768066688698646
64,64.0,0.14854734499672692,0.13218849578700304,0.5356992521835723,0.11451064216898005,0.03395656841644445,0.013915268580495525,0.021182427866777813
65,65.0,0.11200175426026682,0.33073964987632354,0.3043051954119838,0.12803796055411676,0.07411629604128227,0.01285457429210794,0.03794456956391885
66,66.0,0.11066012195333419,0.06197427896340376,0.42277050227987556,0.1636289675507358,0.0641982893255739,0.0684498719766414,0.10831796795043531
67,67.0,0.06526167359344952,0.09201361580066306,0.11198333234198367,0.4843538636093181,0.11810489487134937,0.00844478037609514,0.11983783940714113
68,68.0,0.09648763228015333,0.5606390681887823,0.09988913975379544,0.06344732587287691,0.12809999560324925,0.028344558264744094,0.023092280036398617
69,69.0,0.20661953238758687,0.05634746003949002,0.07987879015870365,0.0860128434896068,0.07964202389988537,0.0422361317467057,0.44926321827802157
70,70.0,0.07595194851467889,0.08481074610475862,0.6260474708623517,0.0640733851834591,0.08820896342920279,0.030654232319030056,0.030253253586518772
71,71.0,0.2886419955684885,0.1855604121123049,0.1917530107760581,0.17517547100581488,0.09380753707052433,0.03444396763543146,0.03061760583137769
72,72.0,0.1454758919163217,0.06555067729051711,0.058557442884245775,0.11122138949053015,0.5434843500057867,0.0624907519372171,0.013219496475381416
73,73.0,0.07955279767262395,0.5106844208533399,0.13065829915477797,0.0856695503000531,0.09210657961212845,0.0059922399736960985,0.09533611243338068
74,74.0,0.13325905775840624,0.43128543243102213,0.043275803478711815,0.2893610718787425,0.032122051111239454,0.02571396223401344,0.044982621107864426
75,75.0,0.6179199074147276,0.07859162817122337,0.04858673229178017,0.13637142991016188,0.037047432921280515,0.053758609330423854,0.027724259960402776
76,76.0,0.46220562942110976,0.09912510595312037,0.11067903039275556,0.22557417929893347,0.05663839956309109,0.026296272489141754,0.019481382881847864
77,77.0,0.12210178551372317,0.5082209297609432,0.08665669883053022,0.11951419258597118,0.04507490630390079,0.02520384159059824,0.09322764541433332
78,78.0,0.5093989542198454,0.03021705360604042,0.1364376498399683,0.1787484292040312,0.04646951918920972,0.006167296966669769,0.09256109697423517
79,79.0,0.19261678055775036,0.04609495249623349,0.4993715572998081,0.11984743549382787,0.04558317843446752,0.049850928415360346,0.04663516730255235
80,80.0,0.057979636326900015,0.12252808338474717,0.6420354949190359,0.04950447941129696,0.055654746859191924,0.03317054665924587,0.03912701243958198
81,81.0,0.10521384768066956,0.2903681740432893,0.07358996425651479,0.15358322965873775,0.3335387722307741,0.027914973283778868,0.015791038846235735
82,82.0,0.12183010445767181,0.0693742477923279,0.09127082063149819,0.08157648779758514,0.0667633607196812,0.5144602212499848,0.054724757351250965
83,83.0,0.23831295729156288,0.04085036790811064,0.5009399049212329,0.08326931782652064,0.04619177749195065,0.05277530416016851,0.03766037040045381
84,84.0,0.1294919828346012,0.13701051933959915,0.09086984419168198,0.4753190473266494,0.06233007916286836,0.045475808217033675,0.05950271892756626
85,85.0,0.15458743723456786,0.16997629862476332,0.10841615025086786,0.4000103829765728,0.12649572910067616,0.01637549283452435,0.024138508978027412
86,86.0,0.2034337402368997,0.06566806580917016,0.5572853480572992,0.0765817536107904,0.03795757616070535,0.0272182904488421,0.03185522567629301
87,87.0,0.3131943268759898,0.04431255688266271,0.04531450516009902,0.05193349052254634,0.502519921555683,0.027758310409847956,0.014966888593171123
88,88.0,0.09430708493304281,0.06570451394999674,0.012877586258791636,0.06261462970539747,0.06462391670550618,0.3045225845814594,0.3953496838658056
89,89.0,0.2800163141788805,0.027915916835338835,0.11135961352188392,0.5083961861512344,0.016506048647550897,0.005883445902547636,0.04992247476256372
90,90.0,0.14272818992668607,0.1353108693883731,0.03508702890878133,0.06633215222578069,0.5141109633205416,0.0823120243582327,0.02411877187160457
91,91.0,0.07746685994923874,0.10302239131530713,0.2217789724212461,0.08113848113829042,0.08521594939787881,0.3735358575045665,0.057841488273472214
92,92.0,0.331407205910711,0.046127372029599434,0.08000109058002647,0.27223578649599156,0.07909205353359428,0.17030638852224725,0.020830102927830108
93,93.0,0.21043126146043373,0.06386026687128199,0.07605119976271234,0.5183529562644233,0.060741501560393076,0.034114813128314256,0.036448000952441245
94,94.0,0.5796299875313399,0.093246055669093,0.07685782075114024,0.09860692838523129,0.03526952914527511,0.028025485250255087,0.08836419326766554
95,95.0,0.12102726610742284,0.053795800185118245,0.12523477525100787,0.08713655311051816,0.5048005583424338,0.10010044186512607,0.00790460513837296
96,96.0,0.09419946449891206,0.07887118185983459,0.08772722967214769,0.5766365389581174,0.08621007574326567,0.02655247111480699,0.049803038152915556
97,97.0,0.11394643200495015,0.11867396652017506,0.056943227888995335,0.07672921304442487,0.5322916960482533,0.075235101533062,0.026180362960139356
98,98.0,0.5641226342650456,0.0931959107612306,0.019953746176560073,0.1374068690974597,0.10540473883302733,0.06907759732573902,0.010838503540937855
99,99.0,0.24507924960339664,0.09036576485579917,0.09202624100245768,0.075644824263154,0.4518465870203987,0.0179279573222684,0.027109375932525465
100,100.0,0.23670584368906544,0.10582113662009023,0.07151005325705614,0.4875956110874232,0.022620444179520235,0.04015704332883681,0.03558986783800784
101,101.0,0.2545546347050506,0.10439284597505358,0.06609383058361118,0.35699418106692826,0.14085637047180133,0.01992251457232153,0.057185622625233495
102,102.0,0.07154330499914603,0.04293458482290822,0.07741395251207875,0.6162737494546022,0.06625313504089075,0.06400564260074168,0.0615756305696324
103,103.0,0.29927400428758594,0.1603925918534455,0.17654547399711515,0.16628332116936997,0.14536019966863956,0.03245010904640426,0.01969429997743967
104,104.0,0.03155532098538268,0.29762939329468036,0.11297963625519904,0.07255827145240518,0.46569187489449015,0.010373702731304016,0.009211800386538604
105,105.0,0.15437466631838564,0.07659706887436227,0.5548869184993146,0.07039791993403315,0.0636128920985114,0.04020630923130768,0.03992422504408523
106,106.0,0.3963257305506658,0.13255037588929852,0.08027954192208135,0.23988492566778502,0.10518061873814827,0.027217092377460103,0.018561714854561047
107,107.0,0.26613664274556137,0.08872020882689313,0.39985108303334277,0.10955982818508929,0.09053255698322653,0.02708067334321118,0.018119006882675866
108,108.0,0.15529001944717052,0.050065130872312916,0.06588913607593125,0.09544080233288413,0.0439513437110298,0.5849948947675969,0.004368672793074312
109,109.0,0.45943922588911834,0.1503989482392754,0.16328116006679363,0.10270161202465108,0.053125947274738974,0.033298063819866,0.037755042685556656
110,110.0,0.036305217940540535,0.32873808458149645,0.3894182512895811,0.05549213397333737,0.061862339302250643,0.08736668608661048,0.040817286826183276
111,111.0,0.6289423529695659,0.0620708494266612,0.07387736548015386,0.10363954991502777,0.08503918446178071,0.031789930090427285,0.01464076765638344
112,112.0,0.22822086884412945,0.09930085762958897,0.058933689228464134,0.2696886034400618,0.0327639439274949,0.27694303482942795,0.03414900210083274
113,113.0,0.8336943333162725,0.026551925271362357,0.015410192016444666,0.01820271421245206,0.04792231219286577,0.05821852299060252,0.0
114,114.0,0.03348430077889407,0.06223400652481853,0.724575539153351,0.09200832283988107,0.05583054653129131,0.010833552054628354,0.02103373211713558
115,115.0,0.06233685320194167,0.25157109095767394,0.43381521009549506,0.0985751922971675,0.08673057169946743,0.017323252033242392,0.04964782971501218
116,116.0,0.10003096258074025,0.6445820376904924,0.028905325762408472,0.04298644511764632,0.12580392486651126,0.03326892679454326,0.02442237718765795
117,117.0,0.27415613606816075,0.08861029634698492,0.4108525558369455,0.10230402846819062,0.05801268675621346,0.010448985406010736,0.0556153111174941
118,118.0,0.12352499874290414,0.024495181446530172,0.10257909125703446,0.6334106231405633,0.07246236479053642,0.009040315427083882,0.03448742519534766
119,119.0,0.5967450551547905,0.12495004629914115,0.08674148654824113,0.09070430512276209,0.03781449546086124,0.043419529177965877,0.019625082236238024
120,120.0,0.1717622173184421,0.23174489989268124,0.11998196526474225,0.22139312633082286,0.18097143034159546,0.027323158749662756,0.0468232021020533
121,121.0,0.11857586257440812,0.08453729158674518,0.5460263908380321,0.10987701056976797,0.050422965893850945,0.03778136891920581,0.052779109617989935
122,122.0,0.18517954972625167,0.27105700294547624,0.06977188785010977,0.32901471048887315,0.06556366881822753,0.05557025525924403,0.02384292491181753
123,123.0,0.4724486215492323,0.11859846770766824,0.05648881276843304,0.10844461522878462,0.12709354116624727,0.05836451277465292,0.05856142880498158
124,124.0,0.09708607963149407,0.4470146796736396,0.060011634427256315,0.06378699991804884,0.157155437760969,0.12625404048306202,0.04869112810553024
125,125.0,0.41217780989616937,0.20509960284649487,0.07490717774275164,0.09380539236818554,0.06665506489037795,0.10834427261929268,0.039010679636728
126,126.0,0.25193451391925886,0.4012820839306935,0.06762330992453822,0.10661814437912755,0.04404494048542159,0.112582348459238,0.015914658901722254
127,127.0,0.09990668416794976,0.10766764462986747,0.15506140333683346,0.0986902933257412,0.47953531887664336,0.035322249340565805,0.02381640632239887
128,128.0,0.1252582279801553,0.03907382600489478,0.06397073985053459,0.5650764779996782,0.07044882017812962,0.010592156677641053,0.12557975130896631
129,129.0,0.09740579624781198,0.10294499326565656,0.09499636539442947,0.07362891007739117,0.05668963428156311,0.5487880128238687,0.025546287909279156
130,130.0,0.2504022722665812,0.03131645569618261,0.0625084910649843,0.10455456244477224,0.48652244613544027,0.021854096195591637,0.04284167619644783
131,131.0,0.1103550138654149,0.045153315283838244,0.06748466976760753,0.05644583452307915,0.09283398647312409,0.539044196770572,0.08868298331636411
132,132.0,0.7311008858619397,0.018275775422014823,0.014703459700372777,0.081645692556238,0.08292566066448102,0.058641673944057726,0.012706851850895953
133,133.0,0.09711908846686368,0.07956128940977794,0.2928455798012178,0.3605515210314612,0.09522085990615553,0.034922095648837005,0.03977956573568689
134,134.0,0.22855285887988663,0.08074226712305542,0.039030312295845214,0.16873904353348146,0.42983790976971825,0.04127378345176197,0.011823824946251065
135,135.0,0.0,0.19999999999999965,0.0,0.20000000000000046,0.5999999999999999,0.0,0.0
136,136.0,0.06625186691355564,0.12996514238270884,0.08149251084786949,0.49158833446929684,0.07298459248941963,0.10430239023257237,0.05341516266457713
137,137.0,0.5819513719898359,0.017800094123118976,0.0542031504904157,0.25685128740305657,0.002297074211761962,0.0722759269221858,0.014621094859625147
138,138.0,0.33057464139755144,0.039268996829609555,0.12024883789534291,0.10182295568042768,0.311045192088208,0.0683570221445596,0.02868235396430083
139,139.0,0.041090757524026515,0.2888850152066035,0.06878952502801926,0.066099263513632,0.2577089438168164,0.04566301821865122,0.23176347669225103
140,140.0,0.6226069815322385,0.05513979451532935,0.09599068999526879,0.019750356491279365,0.03867836681325008,0.062438631515693586,0.10539517913694042
141,141.0,0.02305275961348857,0.030212659955733225,0.8344827991085779,0.03166192941371564,0.009724895657123764,0.04904441843891398,0.02182053781244667
142,142.0,0.27694478786414367,0.08728005665451219,0.09221088496119523,0.28183531652276544,0.04859124898202413,0.17454715698670814,0.03859054802865114
143,143.0,0.15345077483863734,0.06364859839374606,0.08004010974545493,0.23590806149538313,0.0519872254199448,0.3371079974191499,0.07785723268768388
144,144.0,0.0008787536706485918,0.00042117336915554636,0.001577204750972721,0.0015826479835302802,0.00048035632414316113,0.0042950816900501855,0.9907647822114994
145,145.0,0.10758314316882933,0.11464312309184375,0.054410160573387094,0.10573890561638896,0.5376782605658316,0.02141725337254749,0.058529153611171794
146,146.0,0.1333828808031019,0.07995435499981494,0.027685744448191652,0.12559689032407773,0.054242012737509025,0.5224288636971536,0.05670925299015128
147,147.0,0.07319995100570528,0.5703639785274758,0.10293742911088359,0.08458699506545952,0.1035057181394851,0.04294348086237054,0.02246244728862026
148,148.0,0.06970287524178942,0.1207680692035217,0.11610674626363454,0.06157694777869555,0.5586402055532018,0.060432368465380866,0.012772787493775998
149,149.0,0.24109421525418284,0.3628018451334194,0.07917556901992076,0.08707747617877128,0.10033452583321825,0.0011956503879200137,0.12832071819256752
150,150.0,0.7003635050837869,0.04380940733530948,0.09304835509575324,0.04479220048630318,0.09274435483918288,0.017707254370598488,0.007534922789065878
151,151.0,0.7339743737451386,0.032418861475961666,0.10035245256685296,0.09017116577892476,0.02450736818009943,0.0034705860084913946,0.01510519224453119
152,152.0,0.10878049771174357,0.20255027837441447,0.3985747405987351,0.10556927610798447,0.10067008242124849,0.03691861699374033,0.04693650779213368
153,153.0,0.5905941251695426,0.08853197283332649,0.07022598919750361,0.06302652868349717,0.1231975259080813,0.030020695070412863,0.0344031631376359
154,154.0,0.3014640403002492,0.054105509548023435,0.23474276458799967,0.07554955082518461,0.056050071134146784,0.009613776432091936,0.26847428717230437
156,156.0,0.11366518931030645,0.05510415887210892,0.24399863137368416,0.15698331981715036,0.32794087786580417,0.06203969366734571,0.04026812909360033
157,157.0,0.06847351795397597,0.15694492926255915,0.09782410315884095,0.09279992099865172,0.5152826177605865,0.03947938052937675,0.029195530336008767
158,158.0,0.1597810630526927,0.018898610630727192,0.015091967295574348,0.7494855834511093,0.034577579114911036,0.019048863802452354,0.003116332652533015
159,159.0,0.11036713613846102,0.18901951663600833,0.09875418244555106,0.3874543196061711,0.12179563324066868,0.04650679513804147,0.04610241679509841
160,160.0,0.1596230955529731,0.32268764378246806,0.11506843389277915,0.029126722573959048,0.19049370799698917,0.17652462135095598,0.006475774849875578
161,161.0,0.058213382000302,0.10729577683003808,0.49443703123721694,0.06839116538920897,0.057722418344190965,0.07837880768732503,0.1355614185117178
162,162.0,0.30112652818806573,0.04418500985907713,0.5014651685653657,0.04726704902689306,0.022224641047072023,0.02898793171332303,0.054743671600203395
163,163.0,0.0966446974766805,0.07514320732122892,0.08843259388329638,0.09595034561478624,0.5864414923993495,0.026010583865166397,0.031377079439491945
165,165.0,0.05324150933316118,0.019353779701392296,0.027621929515699355,0.025056933915537167,0.010252698325673324,0.8575532144305887,0.006919934777947987
166,166.0,0.1491662237508199,0.07974291932412815,0.05046680565896189,0.570627086433765,0.10325445960858273,0.026982803513981166,0.01975970170976117
167,167.0,0.44986831861100995,0.11973918676006357,0.16675195119718136,0.05985210543664021,0.03573976148670001,0.10820920348199331,0.05983947302641162
168,168.0,0.353385523778051,0.1073916689390025,0.1199168020649318,0.09961160010670954,0.07354148427728904,0.18152373998517424,0.0646291808488419
169,169.0,0.7513051879736721,0.022253376298580513,0.1136866043462316,0.04800473555949865,0.010984587362619001,0.042472312203315404,0.01129319625608275
170,170.0,0.0811326915003522,0.4167981054854753,0.08377204144869019,0.17395295713933245,0.11003643727876702,0.02574187577590661,0.1085658913714762
172,172.0,0.43461882679677766,0.13842716365714552,0.08689170809914498,0.2745787065296347,0.016130903274699602,0.01817150329078452,0.031181188351812893
173,173.0,0.5663010747083446,0.142865879375292,0.05689266525751014,0.07169972745156282,0.0677016989320805,0.0479203043259743,0.0466186499492358
174,174.0,0.04130812825928455,0.13315353471596222,0.3400989747820429,0.3022015827337186,0.13970165184323816,0.03611956951537043,0.007416558150383094
175,175.0,0.2090586633396131,0.09734822914952285,0.09281219234672425,0.08025157663356594,0.396192757896805,0.009397509830361452,0.11493907080340743
176,176.0,0.2044077310007404,0.08915771689974611,0.018196836026587043,0.08470325316070008,0.525275777135631,0.01076462855268893,0.06749405722390643
177,177.0,0.03696020212677417,0.0544315134341256,0.039802271482748675,0.6433059831919511,0.035917502565440206,0.017608330569053064,0.17197419662990704
178,178.0,0.17250299514699685,0.07833419206026733,0.3928244538020439,0.20498605465754033,0.08671211588496151,0.03661646642246898,0.02802372202572108
179,179.0,0.0062499569544730935,0.03459961499244921,0.0060067800447285435,0.8052130646505742,0.07195404893270561,0.023291333383032492,0.05268520104203705
180,180.0,0.06745505762519087,0.6514986406256715,0.04769047053343377,0.07396811380636711,0.0907776843464044,0.010113137521567249,0.05849689554136517
181,181.0,0.05036247340072789,0.6430466557068781,0.08490695380397946,0.07107748757603376,0.05900094060503164,0.03258278599875817,0.05902270290859072
182,182.0,0.10387346357961573,0.08187688155086163,0.5769398407117843,0.067929484095789,0.0878927810343175,0.047439247676983154,0.034048301350648694
183,183.0,0.12143672788822114,0.13790111298167046,0.13936310274613045,0.4469178002778762,0.06827222040051736,0.033508515353913006,0.05260052035167141
184,184.0,0.6212794914184799,0.05893436942422914,0.06585829296445031,0.1271722767966558,0.05796300677984452,0.05287192558822142,0.015920637028118707
185,185.0,0.21661358902111386,0.044206631702242274,0.05703373802495459,0.3881557742715212,0.03159166682331471,0.12442894408490449,0.13796965607194892
186,186.0,0.21546422125528758,0.46161129630714526,0.08463692080060245,0.10730247654349637,0.06341225170245957,0.013882192368382144,0.053690641022626634
187,187.0,0.18440793135991423,0.11021830964940288,0.5237836122341428,0.04302446740413455,0.10092111466905686,0.012050441682862283,0.025594123000486413
188,188.0,0.6475965596675152,0.03623530835175211,0.09459678057684132,0.09047538724267831,0.06267788674028463,0.04700191751919336,0.021416159901735114
189,189.0,0.1523439569849575,0.06433114952473598,0.10428488829101458,0.09143083742422757,0.0224690210764442,0.03949363254369665,0.5256465141549235
190,190.0,0.17978612085897183,0.040213943899323396,0.06541831402853475,0.09020745588743467,0.11271524188315787,0.0389463246394246,0.47271259880315286
191,191.0,0.25093895727928395,0.04788879851635193,0.03815209860265305,0.5636200235646337,0.06684832675834257,0.006909537308280875,0.02564225797045388
192,192.0,0.6277235073107423,0.057912859074097656,0.04690311050493252,0.1603495446051419,0.06589663928587608,0.009976755049664754,0.031237584169544582
193,193.0,0.09815707707236286,0.4936681327691729,0.04998942545126239,0.09622793999906158,0.12863264765434498,0.04297727583146189,0.09034750122233341
194,194.0,0.9605829820838341,0.0,0.0,0.022642969708576214,0.0,0.016774048207589643,0.0
195,195.0,0.24117544529805512,0.03794903446474304,0.056917418665067845,0.07625256628177274,0.07135041815640306,0.016678771538120828,0.4996763455958373
196,196.0,0.17833613152999975,0.04725216075606865,0.06499710056050005,0.07849285569981737,0.5744728710903457,0.014785920157428085,0.04166296020584052
197,197.0,0.030380542737061554,0.14656226953787319,0.6407303915396735,0.07463168467193299,0.029112995531154894,0.04443464652252136,0.03414746945978247
198,198.0,0.0643711616742697,0.1198216828263858,0.14395417661506377,0.03800445205816778,0.6079354027340084,0.022308395603520985,0.0036047284885835596
199,199.0,0.20991126543497757,0.044124108342144676,0.1494109968009728,0.160533862168641,0.04758873044190452,0.3649180704372012,0.023512966374158076
200,200.0,0.15005811500365046,0.019569038024839995,0.3712255941467502,0.22241398555954295,0.10094121255425405,0.014540077523778408,0.12125197718718386
201,201.0,0.3002682616974308,0.1426128931835408,0.24808579255960167,0.13555664745807336,0.07991893049349025,0.036706476678242034,0.05685099792962095
202,202.0,0.16343248073629557,0.12859299070693128,0.05862608075545949,0.07930336907161212,0.04501975675868394,0.49147623140638313,0.0335490905646344
203,203.0,0.09427023725429097,0.17247239787309337,0.073459804190972,0.4918650843826345,0.09148101639496758,0.0331002756791449,0.043351184224896706
204,204.0,0.485571777459663,0.07322727854879671,0.24126913892796314,0.10923187824646842,0.043747747432002486,0.02447286121101171,0.022479318174094494
206,206.0,0.19580873906081914,0.04638202451815196,0.08180839843765496,0.5335683958704576,0.03923233713469379,0.03673278376113223,0.06646732121709047
207,207.0,0.5495768458904468,0.12729024195900887,0.0622927719344616,0.08805516779878399,0.15129854727079425,0.015361394940683615,0.006125030205820761
208,208.0,0.08118851666007174,0.11001743280956261,0.057705750396881035,0.07886313489143902,0.07489954474850863,0.07233747402659613,0.5249881464669407
209,209.0,0.14556623419357861,0.15463685369566027,0.07021479447992283,0.10449949855415729,0.09726767624109331,0.36701706347526186,0.06079787936032583
210,210.0,0.08905169109330238,0.5652443189955072,0.07592362615526714,0.09253879257692245,0.10958073681512155,0.03768509423393912,0.029975740129940063
211,211.0,0.10182776851492284,0.12716577635885878,0.5084085885928613,0.10085467395343795,0.07186249866921415,0.011593502616321522,0.07828719129438337
212,212.0,0.08025486488282413,0.10950768299423647,0.2651065578672336,0.0812256317834665,0.06841561736470987,0.02565052860538137,0.369839116502148
213,213.0,0.12834924223414443,0.5619437713838474,0.04979642747606801,0.11071743883852182,0.05723212130462828,0.016339263921927808,0.07562173484086229
214,214.0,0.37003904123541037,0.06568694495385621,0.08983189661636226,0.10750359648310168,0.06147432603181599,0.18338060727116648,0.12208358740828698
215,215.0,0.08647964532161526,0.22943773031485315,0.053935168492377866,0.038534328242187776,0.4285882696656428,0.13063002596575057,0.032394831997572496
216,216.0,0.12529700204225844,0.06490729324998783,0.05218076774331623,0.5891812740466,0.10948155148791505,0.023009556631610882,0.035942554798311585
217,217.0,0.16526045786802196,0.38130103565595014,0.09714504132365921,0.2282442544192521,0.04876845451243093,0.02712941203039041,0.05215134419029524
218,218.0,0.20164786852458455,0.48240368191707783,0.0573353232351506,0.0967397075525905,0.03977474572141897,0.0701260896286321,0.05197258342054553
219,219.0,0.08476691252840977,0.15375562904924706,0.08173493850398827,0.07847319906687097,0.08392351475136162,0.016158796303376063,0.501187009796746
220,220.0,0.742071438540506,0.1600000141158658,0.0,0.05792854734362813,0.0,0.0,0.04000000000000018
221,221.0,0.13015720367697806,0.46327019973733574,0.0808751212235089,0.09451879923799808,0.14706797702681845,0.058614648296202256,0.02549605080115867
222,222.0,0.0,0.0,0.0,0.0,1.0,0.0,0.0
223,223.0,0.08637968713505072,0.5183915923321779,0.12075272140669499,0.1343923055464551,0.07722801244044995,0.011111920828570532,0.051743760310600656
224,224.0,0.3146637325963383,0.11560663379504425,0.08854097776633008,0.32757786121312116,0.061865133426145136,0.063700936035893,0.0280447251671281
225,225.0,0.0768388372318838,0.1270885796279487,0.4822596708315514,0.08437754336597329,0.12344892049948548,0.07919345127821736,0.026792997164939894
226,226.0,0.5794762778899052,0.1027096759779422,0.10087516925186635,0.029469750142797516,0.08536091228652203,0.05016250901954539,0.05194570543142126
227,227.0,0.14133409247124118,0.1960347429717031,0.45127950132085,0.06706849543399608,0.07083424326835647,0.03213854959208308,0.04131037494177014
228,228.0,0.09734305306860384,0.1461895759808886,0.4797616457583891,0.08199089653275776,0.06818270256364907,0.055569426925283355,0.0709626991704282
229,229.0,0.10304146728456703,0.5342218696298355,0.07491198650686444,0.09017190672243344,0.06004467313226809,0.032503581894073846,0.10510451482995742
230,230.0,0.13254862847900623,0.09940716123363881,0.113784563073008,0.1330646553845184,0.4630279118539805,0.011323343204835003,0.046843736771013084
231,231.0,0.31058784492230374,0.06309703115693105,0.2010411610990673,0.1422717713421543,0.05425216859035814,0.18058131487309878,0.04816870801608657
232,232.0,0.1735642824103015,0.5855560105292515,0.11254287866096588,0.01244912693753267,0.1062648269245818,0.005729062630366733,0.0038938119070000936
233,233.0,0.5280798504041782,0.09731219161704596,0.09119895535036388,0.06513520129598242,0.05902889575174318,0.02792480706494438,0.13132009851574203
234,234.0,0.8959140928509849,0.008360686631548344,0.0030589497227477822,0.04068917664723787,0.00806163413326514,0.008427158167934611,0.03548830184628145
235,235.0,0.38207931130765177,0.050435342550624374,0.053706511434223766,0.03397881918251963,0.03416744299763476,0.41549648288182733,0.03013608964551848
236,236.0,0.04825500022945082,0.06750141419747188,0.04744652215723519,0.20555125400160085,0.05514149916183817,0.02141731348749127,0.5546869967649117
237,237.0,0.8796078806823213,0.032876122180184396,0.026417125712613666,0.015368709921514623,0.034339225139049766,0.00559327653278492,0.005797659831530989
238,238.0,0.0,0.0,0.0,1.0,0.0,0.0,0.0
239,239.0,0.6655725377018733,0.02866864115923462,0.09966664429137595,0.07549486129779581,0.04459628080277092,0.039655818416460376,0.04634521633048894
240,240.0,0.10797450173952758,0.10537587559113208,0.040885435287166275,0.40795067934042983,0.2462846016336553,0.07097443338327435,0.02055447302481471
241,241.0,0.08191341134801108,0.3022456275771031,0.09954509803493597,0.07461343573532182,0.12129712187721467,0.005621437928633303,0.31476386749878
242,242.0,0.3824526452775094,0.04857762009792527,0.18921467624949112,0.22304589170230532,0.032433950290745216,0.08663547298780694,0.03763974339421687
243,243.0,0.27383209039758416,0.04683735373085843,0.28743025288264523,0.24103409717527208,0.05869898300049122,0.05616793235082094,0.035999290462327915
245,245.0,0.5475876946590869,0.12095365271167186,0.06687121606974443,0.1569231637567433,0.05577818919654093,0.03552324678566603,0.016362836820546463
246,246.0,0.15978519895983662,0.0983395519700683,0.04967196765281677,0.48928101492984943,0.07076468834063077,0.059536594634165975,0.072620983512632
247,247.0,0.1903730900035528,0.14549143693918332,0.2918856741840896,0.09874919162838908,0.12382669958824019,0.021592629539011775,0.1280812781175331
248,248.0,0.06192771804390399,0.1685148930617885,0.10886708742338876,0.09494604351564315,0.4670411203723293,0.036974036187504174,0.06172910139544224
249,249.0,0.5868449900919552,0.04858981125559506,0.10281028242394145,0.11462878690764625,0.07177823268210312,0.05436572194348636,0.02098217469527261
250,250.0,0.5197885551511645,0.06578564100322698,0.09475586932271104,0.18408700726084773,0.06964078947037784,0.016357876975659106,0.049584260816012735
251,251.0,0.06446375662243453,0.08682353088985742,0.04612835604759026,0.70965820732017,0.026494698292349097,0.05601254971670196,0.010418901110896594
253,253.0,0.538767598502603,0.07480564580391946,0.07305420848093162,0.07292062574063844,0.05776621956573651,0.03318249948214262,0.14950320242402831
254,254.0,0.06239341304694615,0.31689287301065805,0.30505784921536205,0.08147898100547125,0.11403510455266846,0.05499195839821096,0.06514982077068304
255,255.0,0.3015363898882551,0.05402475896056699,0.36231008106167784,0.09250425001459048,0.04380909259387861,0.05079896079907747,0.09501646668195349
256,256.0,0.11385923395877293,0.04557179725199979,0.09915408804996319,0.0635077206241674,0.5268973181586052,0.062443250696126745,0.0885665912603649
257,257.0,0.06243336294253784,0.6338999741778532,0.055165036282528446,0.17710992713876064,0.03222292105136988,0.026920480826091754,0.01224829758085829
258,258.0,0.7392014543076915,0.026906432893378393,0.04935296740768954,0.01862912467681035,0.0214405701815856,0.013479491973330914,0.13098995855951373
259,259.0,0.14682843959935496,0.03703990338691743,0.08972981091711568,0.6209077238366634,0.03674654038861051,0.04190137037249113,0.026846211498846945
260,260.0,0.08404459736648578,0.5578612615522338,0.10942417073724169,0.08623652997493358,0.08263764146473684,0.024130366104529656,0.055665432799838814
261,261.0,0.1477839912457818,0.18228638616920192,0.08359852024640888,0.42763521517347813,0.06332380371734325,0.05629412904040075,0.039077954407385394
262,262.0,0.13144743648850882,0.07388026529844238,0.10329005212436426,0.09285832110176315,0.5421467553430956,0.02308069555503022,0.033296474088795734
263,263.0,0.03930561603131832,0.12486648822744588,0.06816124477719106,0.1648289755798102,0.07690032170720718,0.4709717373104414,0.054965616366586006
264,264.0,0.14282376774646716,0.09602927256743861,0.11529452476964855,0.08010337312995273,0.47741615535679843,0.05834325265125695,0.029989653778437615
265,265.0,0.09311037826751159,0.18057119438413846,0.041437380080600786,0.2264807481816366,0.03883241785152098,0.3993218000402063,0.020246081194385264
266,266.0,0.04931615683196199,0.6920514829880535,0.07209773278868861,0.030637639545858353,0.043037481201961644,0.04645973726130813,0.06639976938216785
267,267.0,0.10382275748671596,0.08030108033074765,0.15238759515879596,0.058365882550213834,0.08836988551788041,0.47718335267176115,0.03956944628388504
268,268.0,0.2175199956651147,0.10441108900318019,0.08775014630911776,0.42072595336760726,0.02348739956170165,0.14610229432370078,3.121769577539243e-06
269,269.0,0.04692980330735921,0.16262533490906608,0.015507572928202339,0.5489226545312497,0.05808623541702125,0.04840742101374392,0.11952097789335753
270,270.0,0.49381162637161474,0.09347326224033596,0.12010474479914802,0.10335117501666313,0.09209953741874141,0.04967096216477191,0.04748869198872466
271,271.0,0.7543540321889941,0.014961871766859817,0.055888826504170146,0.0799279300602507,0.03394460126367704,0.014039032554517869,0.04688370566153027
272,272.0,0.059694223412551914,0.1469690997385099,0.06474605443680959,0.11551558175065908,0.05927399115024047,0.4956754723169102,0.058125577194318795
273,273.0,0.3509723384358535,0.022225914681293094,0.031721072484071945,0.5196551832862827,0.06442251619426007,0.003056109636739144,0.007946865281499533
274,274.0,0.017351385393999736,0.14378471905492896,0.17941827576245242,0.07532410395601062,0.038863319696956125,0.008110658597316169,0.5371475375383359
275,275.0,0.2735163685669879,0.057981654502376315,0.1014973944433687,0.09384360693892374,0.08650886015023865,0.3309365870823488,0.055715528315755755
277,277.0,0.7962756848639201,0.010338881690211705,0.03351596605161679,0.053226225844318076,0.05360748620084491,0.011145574259529493,0.04189018108955901
278,278.0,0.3130793238359691,0.3813411532642019,0.06746057839573472,0.061712407024737695,0.06134437401938825,0.04856654465684483,0.06649561880312352
279,279.0,0.5150169559052369,0.07952845691111668,0.1291156723462506,0.12738016879979,0.07347019727054599,0.01796293054751453,0.05752561821954519
